[zzz : Gamma-P-H]
0.031	0.83    Nan
0.048	1.33    Nan
0.067	Nan	    0.83
0.070	1.83    Nan
0.10	2.46    Nan
0.117	Nan	    1.33
0.15	3.51	1.71
0.166	Nan	    1.83
0.20	4.34 	2.11
0.25	5.04 	2.62
0.275	5.42    Nan
0.30	5.69 	3.23
0.32	5.90    Nan
0.34	6.00    Nan
0.35	5.91 	3.88
0.36	5.97    Nan
0.375	5.76    Nan
0.40	5.54 	4.39
0.425	5.32    Nan
0.44	5.11    Nan
0.45	5.17 	4.82
0.46	5.11    Nan
0.475	5.12    Nan
0.48	5.10    Nan
0.50	5.03 	5.03
0.52	4.86    Nan
0.525	4.93    Nan
0.54	4.69    Nan
0.55	4.69 	5.07
0.56	4.58    Nan
0.575	4.46    Nan
0.58	4.35    Nan
0.60	4.20 	5.10
0.62	3.94    Nan
0.625	Nan	    5.05
0.64	3.76    Nan
0.65	3.68	5.11
0.66	3.62    Nan
0.675	3.51    Nan
0.68	3.50    Nan
0.70	3.50	5.20
0.72	3.60    Nan
0.725	3.66    Nan
0.74	3.72    Nan
0.75	3.80	5.45
0.76	3.79    Nan
0.775	3.95	5.60
0.78	3.94    Nan
0.80	4.14	5.80
0.82	4.27    Nan
0.84	4.77    Nan
0.85	4.99	6.12
0.86	5.05    Nan
0.88	5.42    Nan
0.90	5.80	6.30
0.95	6.29	6.41
1.00	6.49	6.49

[zz0 : Gamma-N]
0.05	1.13    Nan     Nan
0.075	1.62    Nan		0.78
0.10	2.12	0.73	1.04
0.125	2.55	0.93	1.31
0.15	3.00	1.19	1.57
0.20	3.83	1.76	2.15
0.25	4.32	2.39	2.71
0.30	4.86	3.17	3.24
0.338	5.05    Nan     Nan
0.35	5.12	3.82	3.57
0.40	5.26	4.53	3.80
0.45	5.47	4.92	3.88
0.50	5.66	5.07	3.93

[z00 : Gamma-H]
0.031	0.50    Nan
0.044	0.75    Nan
0.059	1.00    Nan
0.074	1.25    Nan
0.088	Nan	    0.50
0.091	1.50    Nan
0.10	1.63    Nan
0.143	Nan	    0.73
0.145   Nan		0.75
0.15	2.39    Nan
0.193	Nan	    0.93
0.20	3.10    Nan
0.205	Nan	    1.00
0.213	Nan	    1.05
0.233	Nan	    1.14
0.243	Nan	    1.19
0.25	3.73    Nan
0.25	Nan	    1.25
0.253	Nan	    1.25
0.273	Nan	    1.37
0.291	Nan    	1.50
0.293	Nan	    1.51
0.30	4.35	1.54
0.313	Nan	    1.63
0.333	Nan	    1.78
0.343	Nan	    1.87
0.35	4.82    Nan
0.353	Nan	    1.97
0.375	5.05    Nan
0.393	Nan	    2.28
0.40	5.29	2.27
0.425	5.46    Nan
0.443	Nan	    2.82
0.45	5.60    Nan
0.455   Nan		3.00
0.46	5.63    Nan
0.48	5.72    Nan
0.493	Nan	    3.38
0.50	5.71	3.55
0.505   Nan		3.50
0.52	5.81    Nan
0.54	5.79    Nan
0.545   Nan		4.00
0.55	5.82    Nan
0.58	5.75    Nan
0.60	5.71	4.57
0.65	5.55	5.04
0.70	5.50    Nan
0.725	5.50    Nan
0.75	5.59	5.90
0.775	5.68    Nan
0.80	5.70	6.23
0.84	5.92    Nan
0.85	6.03    Nan
0.86	6.10    Nan
0.88	6.15    Nan
0.90	6.29	6.42
0.92	6.32    Nan
0.94	6.37    Nan
0.95	6.40	6.47
0.97	6.43    Nan
1.00	6.49	6.49
