0.000000	9330.000000	9692.683998	0.000000	0.000000	7.474837	0.000000	0.602659	6.026590E-6	1.113765E-5	-9.155300E-7	1.000000E-5	14.400000	9693.201999	0.000000	0.000000	7.474837	0.000000	0.557026	5.570260E-6	9.121070E-6	-2.019450E-6	1.000000E-5	16.050000	0.000000	0.000000	7.474837	0.000000	2.626644	0.000000
1.000000	9331.000000	9693.671999	0.000000	0.000000	7.474837	0.000000	0.599102	5.991015E-6	1.114718E-5	-8.348500E-7	9.999995E-6	14.350007	9694.192000	0.000000	0.000000	7.475733	0.001793	0.559050	5.590500E-6	9.170430E-6	-2.010570E-6	1.000000E-5	15.950000	0.000000	0.000000	7.475285	0.000897	2.623492	0.000000
2.000000	9332.000000	9694.765999	0.000000	0.000000	7.476630	0.000000	0.615378	6.153780E-6	1.138082E-5	-9.267400E-7	1.000000E-5	14.500000	9695.286999	0.000000	0.000000	7.476630	0.000000	0.557747	5.577470E-6	9.140480E-6	-2.014460E-6	1.000000E-5	16.150000	0.000000	0.000000	7.476630	0.000000	2.656287	0.000000
3.000000	9333.000000	9695.754998	0.000000	0.000000	7.476630	0.000000	0.608318	6.083180E-6	1.126988E-5	-8.964800E-7	1.000000E-5	14.350000	9696.350999	0.000000	0.000000	7.476361	0.000000	0.557969	5.579690E-6	9.137710E-6	-2.021670E-6	1.000000E-5	16.000000	0.000000	0.000000	7.476495	0.000269	2.641308	0.000000
4.000000	9334.000000	9696.831998	0.000000	0.000000	7.476361	0.000000	0.604844	6.048440E-6	1.121217E-5	-8.847100E-7	1.000000E-5	14.100000	9697.367999	0.000000	0.000000	7.476361	0.000000	0.559549	5.595495E-6	9.142700E-6	-2.048290E-6	1.000000E-5	16.100000	0.000000	0.000000	7.476361	0.000000	2.637341	0.000000
5.000000	9335.000000	9697.837999	0.000000	0.000000	7.476361	0.000000	0.599745	5.997455E-6	1.108834E-5	-9.065700E-7	1.000000E-5	14.200000	9698.453999	0.000000	0.000000	7.477059	0.000000	0.557858	5.578575E-6	9.147690E-6	-2.009460E-6	9.999995E-6	16.050008	0.000000	0.000000	7.476710	0.000698	2.622147	0.000000
6.000000	9336.000000	9698.926999	0.000000	0.000000	7.477059	0.000000	0.620112	6.201120E-6	1.129229E-5	-1.109950E-6	1.000000E-5	14.450000	9699.446999	0.000000	0.000000	7.477059	0.000000	0.557387	5.573865E-6	9.124400E-6	-2.023330E-6	1.000000E-5	16.050000	0.000000	0.000000	7.477059	0.000000	2.665797	0.000000
7.000000	9337.000000	9699.915999	0.000000	0.000000	7.477059	0.000000	0.608907	6.089065E-6	1.117015E-5	-1.007980E-6	9.999995E-6	14.150007	9700.501999	0.000000	0.000000	7.477341	0.000000	0.560271	5.602705E-6	9.024560E-6	-2.180850E-6	9.999995E-6	16.150008	0.000000	0.000000	7.477200	0.000282	2.647977	0.000000
8.000000	9338.000000	9700.969999	0.000000	0.000000	7.477341	0.000000	0.600950	6.009500E-6	1.143965E-5	-5.793500E-7	9.999995E-6	14.350007	9701.486999	0.000000	0.000000	7.477341	0.000000	0.559494	5.594940E-6	9.029000E-6	-2.160880E-6	1.000000E-5	16.050000	0.000000	0.000000	7.477341	0.000000	2.628612	0.000000
9.000000	9339.000000	9701.953999	0.000000	0.000000	7.477341	0.000000	0.595207	5.952070E-6	1.138586E-5	-5.182800E-7	1.000000E-5	14.150000	9702.541999	0.000000	0.000000	7.482132	0.000000	0.557969	5.579690E-6	8.994060E-6	-2.165320E-6	1.000000E-5	16.049992	0.000000	0.000000	7.479736	0.004791	2.612359	0.000000
10.000000	9340.000000	9703.007999	0.000000	0.000000	7.482132	0.000000	0.613529	6.135290E-6	1.155788E-5	-7.127000E-7	9.999995E-6	14.350007	9703.526999	0.000000	0.000000	7.482132	0.000000	0.557358	5.573585E-6	8.971870E-6	-2.175300E-6	1.000000E-5	16.050000	0.000000	0.000000	7.482132	0.000000	2.651325	0.000000
11.000000	9341.000000	9703.996999	0.000000	0.000000	7.482132	0.000000	0.605825	6.058250E-6	1.146991E-5	-6.465900E-7	1.000000E-5	14.250000	9704.598999	0.000000	0.000000	7.488707	0.000000	0.555667	5.556670E-6	8.972980E-6	-2.140360E-6	1.000000E-5	16.200000	0.000000	0.000000	7.485419	0.006575	2.630448	0.000000
12.000000	9342.000000	9705.069999	0.000000	0.000000	7.488707	0.000000	0.599269	5.992690E-6	1.134440E-5	-6.409800E-7	1.000000E-5	14.400000	9705.602998	0.000000	0.000000	7.488707	0.000000	0.556526	5.565265E-6	8.980190E-6	-2.150340E-6	1.000000E-5	16.200000	0.000000	0.000000	7.488707	0.000000	2.617999	0.000000
13.000000	9343.000000	9706.069999	0.000000	0.000000	7.490272	0.003129	0.614845	6.148455E-6	1.153714E-5	-7.597700E-7	1.000000E-5	14.450000	9706.658999	0.000000	0.000000	7.491836	0.000000	0.557192	5.571925E-6	8.978530E-6	-2.165320E-6	1.000000E-5	16.099992	0.000000	0.000000	7.491054	0.001565	2.653820	0.000000
14.000000	9344.000000	9707.142999	0.000000	0.000000	7.491836	0.000000	0.600810	6.008100E-6	1.143909E-5	-5.771100E-7	1.000000E-5	14.100000	9707.661999	0.000000	0.000000	7.491836	0.000000	0.558495	5.584955E-6	9.006810E-6	-2.163100E-6	1.000000E-5	15.900000	0.000000	0.000000	7.491836	0.000000	2.625982	0.000000
15.000000	9345.000000	9708.134000	0.000000	0.000000	7.492024	0.000375	0.604228	6.042275E-6	1.140435E-5	-6.802000E-7	1.000000E-5	14.100000	9708.727998	0.000000	0.000000	7.492212	0.000000	0.557442	5.574420E-6	8.987400E-6	-2.161440E-6	1.000000E-5	15.950000	0.000000	0.000000	7.492118	0.000188	2.631072	0.000000
16.000000	9346.000000	9709.210999	0.000000	0.000000	7.492212	0.000000	0.599270	5.992695E-6	1.144974E-5	-5.356500E-7	9.999995E-6	14.200007	9709.727999	0.000000	0.000000	7.492212	0.000000	0.556083	5.560830E-6	8.955790E-6	-2.165870E-6	1.000000E-5	16.300000	0.000000	0.000000	7.492212	0.000000	2.616969	0.000000
17.000000	9347.000000	9710.208999	0.000000	0.000000	7.492160	0.000104	0.601118	6.011185E-6	1.144974E-5	-5.726300E-7	1.000000E-5	14.549993	9710.807999	0.000000	0.000000	7.492107	0.000000	0.558856	5.588565E-6	9.011810E-6	-2.165320E-6	1.000000E-5	15.950000	0.000000	0.000000	7.492133	5.218813E-5	2.627502	0.000000
18.000000	9348.000000	9711.275999	0.000000	0.000000	7.492107	0.000000	0.594507	5.945070E-6	1.142733E-5	-4.628100E-7	9.999995E-6	14.100007	9711.794999	0.000000	0.000000	7.492107	0.000000	0.555306	5.553065E-6	8.954680E-6	-2.151450E-6	1.000000E-5	16.100000	0.000000	0.000000	7.492107	0.000000	2.604635	0.000000
19.000000	9349.000000	9712.350999	0.000000	0.000000	7.490324	0.000000	0.601875	6.018750E-6	1.146431E-5	-5.731900E-7	1.000000E-5	14.400000	9712.871998	0.000000	0.000000	7.490324	0.000000	0.555112	5.551120E-6	8.951900E-6	-2.150340E-6	1.000000E-5	16.050000	0.000000	0.000000	7.490324	0.000000	2.620456	0.000000
20.000000	9350.000000	9713.340999	0.000000	0.000000	7.490324	0.000000	0.601314	6.013140E-6	1.135112E-5	-6.751600E-7	1.000000E-5	14.150000	9713.859999	0.000000	0.000000	7.490324	0.000000	0.558579	5.585790E-6	9.004040E-6	-2.167540E-6	9.999995E-6	16.150008	0.000000	0.000000	7.490324	0.000000	2.627290	0.000000
21.000000	9351.000000	9714.433999	0.000000	0.000000	7.488554	0.000000	0.605994	6.059930E-6	1.139763E-5	-7.222300E-7	9.999990E-6	14.200014	9714.955999	0.000000	0.000000	7.488554	0.000000	0.554946	5.549460E-6	8.965220E-6	-2.133700E-6	1.000000E-5	16.000000	0.000000	0.000000	7.488554	0.000000	2.629134	0.000000
22.000000	9352.000000	9715.431000	0.000000	0.000000	7.488554	0.000000	0.602071	6.020710E-6	1.137186E-5	-6.695600E-7	1.000000E-5	14.249993	9715.963999	0.000000	0.000000	7.488554	0.000000	0.558635	5.586345E-6	9.007370E-6	-2.165320E-6	9.999995E-6	16.050008	0.000000	0.000000	7.488554	0.000000	2.629091	0.000000
23.000000	9353.000000	9716.563000	0.000000	0.000000	7.486561	0.000000	0.605684	6.056845E-6	1.139763E-5	-7.160600E-7	1.000000E-5	14.100000	9717.080998	0.000000	0.000000	7.486561	0.000000	0.552394	5.523945E-6	8.951900E-6	-2.095990E-6	1.000000E-5	16.300000	0.000000	0.000000	7.486561	0.000000	2.622489	0.000000
24.000000	9354.000000	9717.552000	0.000000	0.000000	7.486561	0.000000	0.601062	6.010620E-6	1.136961E-5	-6.516300E-7	1.000000E-5	14.400000	9718.068999	0.000000	0.000000	7.487056	0.000990	0.553504	5.535040E-6	9.000710E-6	-2.069370E-6	1.000000E-5	15.850000	0.000000	0.000000	7.486809	0.000495	2.614915	0.000000
25.000000	9355.000000	9718.611999	0.000000	0.000000	7.487551	0.000000	0.599382	5.993815E-6	1.134160E-5	-6.460300E-7	1.000000E-5	14.400000	9719.132000	0.000000	0.000000	7.487551	0.000000	0.553781	5.537810E-6	8.996830E-6	-2.078790E-6	1.000000E-5	15.900000	0.000000	0.000000	7.487551	0.000000	2.611857	0.000000
26.000000	9356.000000	9719.601999	0.000000	0.000000	7.487551	0.000000	0.589548	5.895480E-6	1.111692E-5	-6.740400E-7	1.000000E-5	14.300000	9720.122999	0.000000	0.000000	7.487551	0.000000	0.555723	5.557225E-6	9.030110E-6	-2.084340E-6	9.999995E-6	16.050008	0.000000	0.000000	7.487551	0.000000	2.594605	0.000000
27.000000	9357.000000	9720.663999	0.000000	0.000000	7.487551	0.000000	0.597504	5.975040E-6	1.132871E-5	-6.213700E-7	1.000000E-5	14.300000	9721.190999	0.000000	0.000000	7.487551	0.000000	0.550370	5.503700E-6	8.950790E-6	-2.056610E-6	1.000000E-5	16.200000	0.000000	0.000000	7.487551	0.000000	2.599768	0.000000
28.000000	9358.000000	9721.663000	0.000000	0.000000	7.487551	0.000000	0.600053	6.000535E-6	1.130742E-5	-6.936500E-7	1.000000E-5	14.200000	9722.192000	0.000000	0.000000	7.489122	0.003142	0.548845	5.488450E-6	8.933600E-6	-2.043300E-6	1.000000E-5	16.050000	0.000000	0.000000	7.488336	0.001571	2.601817	0.000000
29.000000	9359.000000	9722.743999	0.000000	0.000000	7.490693	0.000000	0.598261	5.982610E-6	1.132031E-5	-6.449100E-7	9.999995E-6	14.200007	9723.262999	0.000000	0.000000	7.490693	0.000000	0.541496	5.414960E-6	8.914190E-6	-1.915730E-6	9.999995E-6	15.800008	0.000000	0.000000	7.490693	0.000000	2.580674	0.000000
30.000000	9360.000000	9723.744000	0.000000	0.000000	7.490693	0.000000	0.599297	5.992975E-6	1.152370E-5	-4.622500E-7	1.000000E-5	14.199993	9724.350999	0.000000	0.000000	7.489586	0.000000	0.536477	5.364765E-6	8.832660E-6	-1.896870E-6	9.999995E-6	16.000008	0.000000	0.000000	7.490139	0.001107	2.571137	0.000000
31.000000	9361.000000	9724.823999	0.000000	0.000000	7.489586	0.000000	0.603639	6.036395E-6	1.139259E-5	-6.802000E-7	1.000000E-5	14.200000	9725.340000	0.000000	0.000000	7.489586	0.000000	0.529238	5.292380E-6	8.752230E-6	-1.832530E-6	1.000000E-5	16.050000	0.000000	0.000000	7.489586	0.000000	2.563462	0.000000
32.000000	9362.000000	9725.808999	0.000000	0.000000	7.489586	0.000000	0.602294	6.022945E-6	1.134888E-5	-6.970100E-7	1.000000E-5	14.250000	9726.456999	0.000000	0.000000	7.487489	0.000000	0.517258	5.172580E-6	8.661270E-6	-1.683890E-6	1.000000E-5	15.500000	0.000000	0.000000	7.488537	0.002097	2.532027	0.000000
33.000000	9363.000000	9726.928999	0.000000	0.000000	7.487489	0.000000	0.627312	6.273120E-6	1.189013E-5	-6.561100E-7	1.000000E-5	14.300000	9727.446999	0.000000	0.000000	7.487489	0.000000	0.511157	5.111570E-6	8.573640E-6	-1.649500E-6	1.000000E-5	15.900000	0.000000	0.000000	7.487489	0.000000	2.570642	0.000000
34.000000	9364.000000	9727.915999	0.000000	0.000000	7.487489	0.000000	0.599801	5.998015E-6	1.131358E-5	-6.824500E-7	1.000000E-5	14.250000	9728.496999	0.000000	0.000000	7.485014	0.000000	0.504612	5.046125E-6	8.542580E-6	-1.549670E-6	1.000000E-5	15.750000	0.000000	0.000000	7.486252	0.002475	2.496345	0.000000
35.000000	9365.000000	9728.979000	0.000000	0.000000	7.485014	0.000000	0.594478	5.944785E-6	1.128725E-5	-6.023200E-7	1.000000E-5	14.150000	9729.501999	0.000000	0.000000	7.485014	0.000000	0.496736	4.967360E-6	8.451060E-6	-1.483660E-6	9.999995E-6	16.050008	0.000000	0.000000	7.485014	0.000000	2.465998	0.000000
36.000000	9366.000000	9729.982999	0.000000	0.000000	7.485014	0.000000	0.600782	6.007820E-6	1.135056E-5	-6.650800E-7	1.000000E-5	14.250000	9730.586999	0.000000	0.000000	7.484796	0.000000	0.491578	4.915785E-6	8.444410E-6	-1.387160E-6	1.000000E-5	15.800000	0.000000	0.000000	7.484905	0.000218	2.466888	0.000000
37.000000	9367.000000	9731.056999	0.000000	0.000000	7.484796	0.000000	0.599774	5.997735E-6	1.132647E-5	-6.690000E-7	9.999995E-6	14.000007	9731.590001	0.000000	0.000000	7.484796	0.000000	0.481206	4.812065E-6	8.360100E-6	-1.264030E-6	1.000000E-5	15.649992	0.000000	0.000000	7.484796	0.000000	2.439448	0.000000
38.000000	9368.000000	9732.062999	0.000000	0.000000	7.483947	0.001698	0.591397	5.913970E-6	1.117239E-5	-6.555500E-7	1.000000E-5	13.950000	9732.656000	0.000000	0.000000	7.483098	0.000000	0.474939	4.749390E-6	8.274130E-6	-1.224650E-6	1.000000E-5	15.750000	0.000000	0.000000	7.483523	0.000849	2.406488	0.000000
39.000000	9369.000000	9733.127999	0.000000	0.000000	7.483098	0.000000	0.604424	6.044240E-6	1.123850E-5	-8.499800E-7	1.000000E-5	14.100000	9733.646999	0.000000	0.000000	7.483098	0.000000	0.471667	4.716665E-6	8.263590E-6	-1.169740E-6	9.999995E-6	15.900008	0.000000	0.000000	7.483098	0.000000	2.425699	0.000000
40.000000	9370.000000	9734.116999	0.000000	0.000000	7.482183	0.001831	0.608430	6.084300E-6	1.134328E-5	-8.253200E-7	9.999995E-6	14.200007	9734.704999	0.000000	0.000000	7.481268	0.000000	0.460657	4.606570E-6	8.147120E-6	-1.066020E-6	1.000000E-5	15.800000	0.000000	0.000000	7.481725	0.000915	2.406619	0.000000
41.000000	9371.000000	9735.175000	0.000000	0.000000	7.481268	0.000000	0.586074	5.860740E-6	1.106985E-5	-6.516300E-7	9.999995E-6	14.300007	9735.698999	0.000000	0.000000	7.481268	0.000000	0.454861	4.548610E-6	8.111070E-6	-9.861500E-7	9.999995E-6	15.850008	0.000000	0.000000	7.481268	0.000000	2.345902	0.000000
42.000000	9372.000000	9736.169000	0.000000	0.000000	7.480368	0.001800	0.585290	5.852895E-6	1.098861E-5	-7.171800E-7	1.000000E-5	14.400000	9736.815000	0.000000	0.000000	7.479467	0.000000	0.458383	4.583830E-6	8.150450E-6	-1.017210E-6	1.000001E-5	15.849984	0.000000	0.000000	7.479917	0.000900	2.352981	0.000000
43.000000	9373.000000	9737.283999	0.000000	0.000000	7.479467	0.000000	0.590333	5.903325E-6	1.106089E-5	-7.457600E-7	9.999995E-6	13.950007	9737.804999	0.000000	0.000000	7.479467	0.000000	0.450229	4.502295E-6	8.105520E-6	-8.990700E-7	1.000000E-5	15.649992	0.000000	0.000000	7.479467	0.000000	2.343213	0.000000
44.000000	9374.000000	9738.350999	0.000000	0.000000	7.477021	0.000000	0.592377	5.923775E-6	1.105192E-5	-7.956300E-7	1.000000E-5	14.050000	9738.871999	0.000000	0.000000	7.477021	0.000000	0.451006	4.510060E-6	8.093870E-6	-9.262500E-7	1.000000E-5	15.500000	0.000000	0.000000	7.477021	0.000000	2.349376	0.000000
45.000000	9375.000000	9739.347998	0.000000	0.000000	7.477021	0.000000	0.589408	5.894080E-6	1.103231E-5	-7.558500E-7	1.000000E-5	13.950000	9739.868000	0.000000	0.000000	7.477021	0.000000	0.446430	4.464305E-6	8.046180E-6	-8.824300E-7	1.000000E-5	15.750000	0.000000	0.000000	7.477021	0.000000	2.331817	0.000000
46.000000	9376.000000	9740.450000	0.000000	0.000000	7.475214	0.000000	0.585178	5.851775E-6	1.091465E-5	-7.889000E-7	1.000000E-5	14.050000	9740.967999	0.000000	0.000000	7.475214	0.000000	0.440801	4.408010E-6	8.010680E-6	-8.053400E-7	1.000000E-5	15.949992	0.000000	0.000000	7.475214	0.000000	2.309010	0.000000
47.000000	9377.000000	9741.438999	0.000000	0.000000	7.475214	0.000000	0.587390	5.873905E-6	1.107097E-5	-6.768400E-7	1.000000E-5	14.099993	9741.957999	0.000000	0.000000	7.475214	0.000000	0.440468	4.404680E-6	7.982390E-6	-8.269700E-7	1.000000E-5	15.750000	0.000000	0.000000	7.475214	0.000000	2.312727	0.000000
48.000000	9378.000000	9742.543000	0.000000	0.000000	7.475214	0.000000	0.582376	5.823760E-6	1.093034E-5	-7.171800E-7	1.000000E-5	14.100000	9743.060999	0.000000	0.000000	7.475214	0.000000	0.446680	4.466800E-6	8.049500E-6	-8.841000E-7	9.999995E-6	15.700008	0.000000	0.000000	7.475214	0.000000	2.317908	0.000000
49.000000	9379.000000	9743.545999	0.000000	0.000000	7.475214	0.000000	0.591229	5.912290E-6	1.114157E-5	-6.830100E-7	9.999995E-6	14.150007	9744.065999	0.000000	0.000000	7.476361	0.002293	0.451755	4.517550E-6	8.083890E-6	-9.512100E-7	1.000000E-5	15.550000	0.000000	0.000000	7.475788	0.001147	2.348871	0.000000
50.000000	9380.000000	9744.610999	0.000000	0.000000	7.477508	0.000000	0.571674	5.716745E-6	1.061825E-5	-8.152400E-7	1.000000E-5	14.050000	9745.140999	0.000000	0.000000	7.477508	0.000000	0.455832	4.558315E-6	8.135470E-6	-9.811600E-7	1.000000E-5	15.900000	0.000000	0.000000	7.477508	0.000000	2.318221	0.000000
51.000000	9381.000000	9745.618999	0.000000	0.000000	7.477508	0.000000	0.598288	5.982885E-6	1.104632E-5	-9.194500E-7	1.000000E-5	14.300000	9746.147999	0.000000	0.000000	7.478644	0.002273	0.456525	4.565250E-6	8.121610E-6	-1.008890E-6	1.000000E-5	15.550000	0.000000	0.000000	7.478076	0.001137	2.375361	0.000000
52.000000	9382.000000	9746.690998	0.000000	0.000000	7.479781	0.000000	0.576045	5.760450E-6	1.068717E-5	-8.337300E-7	1.000000E-5	14.049993	9747.210999	0.000000	0.000000	7.479781	0.000000	0.457828	4.578280E-6	8.182060E-6	-9.745000E-7	1.000000E-5	15.599992	0.000000	0.000000	7.479781	0.000000	2.332287	0.000000
53.000000	9383.000000	9747.680999	0.000000	0.000000	7.479781	0.000000	0.591593	5.915930E-6	1.088439E-5	-9.474700E-7	1.000000E-5	14.300000	9748.198000	0.000000	0.000000	7.480066	0.000571	0.462903	4.629035E-6	8.247510E-6	-1.010560E-6	1.000000E-5	15.699992	0.000000	0.000000	7.479924	0.000286	2.377294	0.000000
54.000000	9384.000000	9748.757999	0.000000	0.000000	7.480352	0.000000	0.593078	5.930780E-6	1.091465E-5	-9.469100E-7	1.000000E-5	14.000000	9749.277998	0.000000	0.000000	7.480352	0.000000	0.468034	4.680340E-6	8.289110E-6	-1.071570E-6	9.999995E-6	15.900008	0.000000	0.000000	7.480352	0.000000	2.393055	0.000000
55.000000	9385.000000	9749.746999	0.000000	0.000000	7.480352	0.000000	0.580247	5.802470E-6	1.075777E-5	-8.471700E-7	9.999995E-6	13.950007	9750.358999	0.000000	0.000000	7.483016	0.000000	0.463957	4.639570E-6	8.235310E-6	-1.043830E-6	9.999995E-6	15.950008	0.000000	0.000000	7.481684	0.002664	2.356150	0.000000
56.000000	9386.000000	9750.830999	0.000000	0.000000	7.483016	0.000000	0.582600	5.826005E-6	1.083957E-5	-8.124400E-7	1.000000E-5	14.149993	9751.362999	0.000000	0.000000	7.483016	0.000000	0.467451	4.674515E-6	8.267480E-6	-1.081550E-6	1.000000E-5	15.650000	0.000000	0.000000	7.483016	0.000000	2.369657	0.000000
57.000000	9387.000000	9751.842000	0.000000	0.000000	7.483016	0.000000	0.597084	5.970840E-6	1.100934E-5	-9.323400E-7	1.000000E-5	14.150000	9752.409999	0.000000	0.000000	7.483112	0.000000	0.467230	4.672295E-6	8.280790E-6	-1.063800E-6	1.000000E-5	15.550000	0.000000	0.000000	7.483064	9.552648E-5	2.399433	0.000000
58.000000	9388.000000	9752.888999	0.000000	0.000000	7.483112	0.000000	0.591173	5.911730E-6	1.092642E-5	-8.970400E-7	1.000000E-5	14.250000	9753.409998	0.000000	0.000000	7.483112	0.000000	0.472499	4.724985E-6	8.312960E-6	-1.137010E-6	9.999995E-6	15.850008	0.000000	0.000000	7.483112	0.000000	2.400038	0.000000
59.000000	9389.000000	9753.894998	0.000000	0.000000	7.483112	0.000000	0.603303	6.033035E-6	1.124915E-5	-8.169200E-7	1.000000E-5	13.950000	9754.477998	0.000000	0.000000	7.482932	0.000000	0.463153	4.631530E-6	8.260270E-6	-1.002790E-6	1.000000E-5	15.600000	0.000000	0.000000	7.483022	0.000180	2.402250	0.000000
60.000000	9390.000000	9754.949999	0.000000	0.000000	7.482932	0.000000	0.586074	5.860740E-6	1.093034E-5	-7.911400E-7	1.000000E-5	14.150000	9755.470999	0.000000	0.000000	7.482932	0.000000	0.456054	4.560535E-6	8.179290E-6	-9.417800E-7	1.000000E-5	15.850000	0.000000	0.000000	7.482932	0.000000	2.348855	0.000000
61.000000	9391.000000	9755.951000	0.000000	0.000000	7.482932	0.000000	0.598541	5.985410E-6	1.098973E-5	-9.810900E-7	1.000000E-5	14.199993	9756.541999	0.000000	0.000000	7.479287	0.000000	0.451560	4.515605E-6	8.148780E-6	-8.824300E-7	1.000000E-5	15.849992	0.000000	0.000000	7.481110	0.003644	2.363475	0.000000
62.000000	9392.000000	9757.010999	0.000000	0.000000	7.479287	0.000000	0.614957	6.149575E-6	1.115390E-5	-1.145250E-6	1.000000E-5	14.100000	9757.529999	0.000000	0.000000	7.479287	0.000000	0.445709	4.457095E-6	8.084450E-6	-8.297400E-7	1.000000E-5	15.850000	0.000000	0.000000	7.479287	0.000000	2.382306	0.000000
63.000000	9393.000000	9757.998998	0.000000	0.000000	7.479287	0.000000	0.585710	5.857100E-6	1.087375E-5	-8.404500E-7	1.000000E-5	14.100000	9758.601999	0.000000	0.000000	7.476572	0.000000	0.448261	4.482605E-6	8.135470E-6	-8.297400E-7	9.999995E-6	15.850008	0.000000	0.000000	7.477930	0.002716	2.328745	0.000000
64.000000	9394.000000	9759.071999	0.000000	0.000000	7.476572	0.000000	0.585906	5.859065E-6	1.101831E-5	-6.998200E-7	1.000000E-5	13.950000	9759.590999	0.000000	0.000000	7.476572	0.000000	0.447068	4.470680E-6	8.111620E-6	-8.297400E-7	9.999995E-6	15.650008	0.000000	0.000000	7.476572	0.000000	2.326179	0.000000
65.000000	9395.000000	9760.059999	0.000000	0.000000	7.477011	0.000878	0.580975	5.809755E-6	1.070678E-5	-9.127300E-7	1.000000E-5	13.750000	9760.653999	0.000000	0.000000	7.477450	0.000000	0.445376	4.453765E-6	8.098310E-6	-8.092200E-7	1.000000E-5	15.599992	0.000000	0.000000	7.477230	0.000439	2.311761	0.000000
66.000000	9396.000000	9761.130999	0.000000	0.000000	7.477450	0.000000	0.597056	5.970560E-6	1.104744E-5	-8.936800E-7	1.000000E-5	13.900000	9761.650999	0.000000	0.000000	7.477450	0.000000	0.445987	4.459870E-6	8.092770E-6	-8.269700E-7	1.000000E-5	15.700000	0.000000	0.000000	7.477450	0.000000	2.346442	0.000000
67.000000	9397.000000	9762.132000	0.000000	0.000000	7.477334	0.000231	0.585038	5.850380E-6	1.087039E-5	-8.303700E-7	1.000000E-5	14.200000	9762.736999	0.000000	0.000000	7.477219	0.000000	0.450950	4.509505E-6	8.142680E-6	-8.763300E-7	1.000000E-5	15.900000	0.000000	0.000000	7.477276	0.000116	2.334045	0.000000
68.000000	9398.000000	9763.205999	0.000000	0.000000	7.477219	0.000000	0.588175	5.881755E-6	1.089224E-5	-8.712700E-7	1.000000E-5	14.099993	9763.736999	0.000000	0.000000	7.477219	0.000000	0.452531	4.525315E-6	8.198700E-6	-8.519300E-7	1.000000E-5	15.650000	0.000000	0.000000	7.477219	0.000000	2.344480	0.000000
69.000000	9399.000000	9764.215999	0.000000	0.000000	7.478314	0.002191	0.594394	5.943945E-6	1.128837E-5	-5.995200E-7	1.000000E-5	13.950000	9764.810000	0.000000	0.000000	7.479410	0.000000	0.455527	4.555265E-6	8.203690E-6	-9.068400E-7	1.000000E-5	15.850000	0.000000	0.000000	7.478862	0.001095	2.364816	0.000000
70.000000	9400.000000	9765.281000	0.000000	0.000000	7.479410	0.000000	0.582740	5.827400E-6	1.127324E-5	-3.815600E-7	9.999995E-6	13.800007	9765.800999	0.000000	0.000000	7.479410	0.000000	0.466453	4.664530E-6	8.316290E-6	-1.012770E-6	1.000000E-5	15.750000	0.000000	0.000000	7.479410	0.000000	2.367505	0.000000
71.000000	9401.000000	9766.370999	0.000000	0.000000	7.480768	0.000000	0.603191	6.031910E-6	1.118247E-5	-8.813500E-7	9.999995E-6	14.200007	9766.889999	0.000000	0.000000	7.480768	0.000000	0.462405	4.624045E-6	8.262490E-6	-9.856000E-7	9.999995E-6	15.800008	0.000000	0.000000	7.480768	0.000000	2.400155	0.000000
72.000000	9402.000000	9767.363998	0.000000	0.000000	7.480768	0.000000	0.568369	5.683690E-6	1.066196E-5	-7.054200E-7	1.000000E-5	13.899993	9767.883999	0.000000	0.000000	7.480768	0.000000	0.465510	4.655100E-6	8.274690E-6	-1.035510E-6	1.000000E-5	15.450000	0.000000	0.000000	7.480768	0.000000	2.334897	0.000000
73.000000	9403.000000	9768.469999	0.000000	0.000000	7.481799	0.000000	0.606133	6.061330E-6	1.118864E-5	-9.340200E-7	1.000000E-5	14.050000	9768.993001	0.000000	0.000000	7.481799	0.000000	0.471777	4.717775E-6	8.325710E-6	-1.109840E-6	1.000000E-5	15.650000	0.000000	0.000000	7.481799	0.000000	2.429532	0.000000
74.000000	9404.000000	9769.473999	0.000000	0.000000	7.481799	0.000000	0.569405	5.694050E-6	1.091521E-5	-4.728900E-7	9.999995E-6	13.750007	9769.994999	0.000000	0.000000	7.481799	0.000000	0.480541	4.805405E-6	8.410570E-6	-1.200240E-6	9.999995E-6	15.950008	0.000000	0.000000	7.481799	0.000000	2.373448	0.000000
75.000000	9405.000000	9770.580999	0.000000	0.000000	7.486310	0.000000	0.603724	6.037235E-6	1.131246E-5	-7.620100E-7	9.999995E-6	14.150007	9771.100999	0.000000	0.000000	7.486310	0.000000	0.481567	4.815670E-6	8.407250E-6	-1.224090E-6	1.000000E-5	15.750000	0.000000	0.000000	7.486310	0.000000	2.448629	0.000000
76.000000	9406.000000	9771.569999	0.000000	0.000000	7.486310	0.000000	0.597560	5.975600E-6	1.116342E-5	-7.877800E-7	1.000000E-5	14.100000	9772.089999	0.000000	0.000000	7.487066	0.001512	0.482067	4.820665E-6	8.421670E-6	-1.219660E-6	1.000000E-5	15.700000	0.000000	0.000000	7.486688	0.000756	2.436895	0.000000
77.000000	9407.000000	9772.656999	0.000000	0.000000	7.487822	0.000000	0.613444	6.134445E-6	1.131022E-5	-9.586700E-7	1.000000E-5	14.150000	9773.174999	0.000000	0.000000	7.487822	0.000000	0.485117	4.851170E-6	8.429990E-6	-1.272350E-6	1.000000E-5	15.900000	0.000000	0.000000	7.487822	0.000000	2.477722	0.000000
78.000000	9408.000000	9773.645999	0.000000	0.000000	7.487822	0.000000	0.588820	5.888200E-6	1.109507E-5	-6.813300E-7	1.000000E-5	14.150000	9774.165999	0.000000	0.000000	7.487536	0.000571	0.484090	4.840905E-6	8.442190E-6	-1.239620E-6	1.000000E-5	15.999992	0.000000	0.000000	7.487679	0.000286	2.423358	0.000000
79.000000	9409.000000	9774.732999	0.000000	0.000000	7.487250	0.000000	0.603583	6.035835E-6	1.128165E-5	-7.900200E-7	1.000000E-5	13.949993	9775.258999	0.000000	0.000000	7.487250	0.000000	0.485421	4.854215E-6	8.471030E-6	-1.237400E-6	1.000000E-5	15.950000	0.000000	0.000000	7.487250	0.000000	2.457779	0.000000
80.000000	9410.000000	9775.731999	0.000000	0.000000	7.487250	0.000000	0.590472	5.904725E-6	1.109955E-5	-7.099000E-7	1.000000E-5	14.099993	9776.350998	0.000000	0.000000	7.488812	0.000000	0.485726	4.857265E-6	8.438860E-6	-1.275670E-6	1.000000E-5	15.900000	0.000000	0.000000	7.488031	0.001561	2.430833	0.000000
81.000000	9411.000000	9776.820998	0.000000	0.000000	7.488812	0.000000	0.603780	6.037795E-6	1.128837E-5	-7.872200E-7	9.999995E-6	14.000007	9777.338000	0.000000	0.000000	7.488812	0.000000	0.482094	4.820940E-6	8.431650E-6	-1.210230E-6	9.999995E-6	15.900008	0.000000	0.000000	7.488812	0.000000	2.450040	0.000000
82.000000	9412.000000	9777.805998	0.000000	0.000000	7.488812	0.000000	0.595375	5.953750E-6	1.121497E-5	-6.925300E-7	1.000000E-5	14.250000	9778.407999	0.000000	0.000000	7.485616	0.000000	0.474634	4.746340E-6	8.362320E-6	-1.130360E-6	1.000000E-5	15.699992	0.000000	0.000000	7.487214	0.003195	2.414095	0.000000
83.000000	9413.000000	9778.880999	0.000000	0.000000	7.485616	0.000000	0.599997	5.999975E-6	1.139651E-5	-6.034400E-7	1.000000E-5	13.900000	9779.399999	0.000000	0.000000	7.485616	0.000000	0.469032	4.690320E-6	8.366760E-6	-1.013880E-6	1.000000E-5	15.949992	0.000000	0.000000	7.485616	0.000000	2.409961	0.000000
84.000000	9414.000000	9779.866999	0.000000	0.000000	7.485616	0.000000	0.590277	5.902765E-6	1.114213E-5	-6.634000E-7	9.999995E-6	14.300007	9780.482999	0.000000	0.000000	7.481376	0.000000	0.465982	4.659815E-6	8.257490E-6	-1.062140E-6	9.999995E-6	15.750008	0.000000	0.000000	7.483496	0.004240	2.382142	0.000000
85.000000	9415.000000	9780.952999	0.000000	0.000000	7.481376	0.000000	0.603752	6.037520E-6	1.146543E-5	-6.096100E-7	1.000000E-5	14.100000	9781.486999	0.000000	0.000000	7.481376	0.000000	0.468893	4.688935E-6	8.329600E-6	-1.048270E-6	1.000000E-5	16.000000	0.000000	0.000000	7.481376	0.000000	2.417435	0.000000
86.000000	9416.000000	9781.954999	0.000000	0.000000	7.481376	0.000000	0.593639	5.936385E-6	1.114774E-5	-7.250300E-7	9.999995E-6	14.250007	9782.559999	0.000000	0.000000	7.483592	0.000000	0.470918	4.709180E-6	8.332930E-6	-1.085430E-6	1.000000E-5	15.500000	0.000000	0.000000	7.482484	0.002216	2.401327	0.000000
87.000000	9417.000000	9783.045999	0.000000	0.000000	7.483592	0.000000	0.626528	6.265280E-6	1.128725E-5	-1.243310E-6	1.000000E-5	14.100000	9783.564999	0.000000	0.000000	7.483592	0.000000	0.472415	4.724155E-6	8.358440E-6	-1.089870E-6	1.000000E-5	15.800000	0.000000	0.000000	7.483592	0.000000	2.473340	0.000000
88.000000	9418.000000	9784.051999	0.000000	0.000000	7.483816	0.000449	0.591873	5.918730E-6	1.125531E-5	-5.821500E-7	1.000000E-5	14.099993	9784.656000	0.000000	0.000000	7.484041	0.000000	0.467451	4.674515E-6	8.328490E-6	-1.020540E-6	1.000000E-5	15.849992	0.000000	0.000000	7.483928	0.000224	2.389099	0.000000
89.000000	9419.000000	9785.127000	0.000000	0.000000	7.484041	0.000000	0.625604	6.256035E-6	1.135281E-5	-1.159260E-6	9.999990E-6	14.150014	9785.642999	0.000000	0.000000	7.484041	0.000000	0.465344	4.653440E-6	8.273580E-6	-1.033300E-6	1.000000E-5	16.000000	0.000000	0.000000	7.484041	0.000000	2.453687	0.000000
90.000000	9420.000000	9786.111999	0.000000	0.000000	7.482273	0.003535	0.587783	5.877830E-6	1.131134E-5	-4.443200E-7	1.000000E-5	13.950000	9786.701999	0.000000	0.000000	7.480505	0.000000	0.459936	4.599360E-6	8.266370E-6	-9.323500E-7	1.000000E-5	15.749992	0.000000	0.000000	7.481389	0.001768	2.362018	0.000000
91.000000	9421.000000	9787.171999	0.000000	0.000000	7.480505	0.000000	0.588763	5.887635E-6	1.129565E-5	-4.796200E-7	1.000000E-5	14.150000	9787.691999	0.000000	0.000000	7.480505	0.000000	0.465981	4.659815E-6	8.292990E-6	-1.026640E-6	1.000000E-5	15.600000	0.000000	0.000000	7.480505	0.000000	2.378976	0.000000
92.000000	9422.000000	9788.162000	0.000000	0.000000	7.480854	0.000698	0.586354	5.863540E-6	1.131246E-5	-4.146200E-7	1.000000E-5	14.100000	9788.777999	0.000000	0.000000	7.481203	0.000000	0.465177	4.651770E-6	8.257490E-6	-1.046050E-6	9.999995E-6	15.950008	0.000000	0.000000	7.481029	0.000349	2.371953	0.000000
93.000000	9423.000000	9789.258999	0.000000	0.000000	7.481203	0.000000	0.588036	5.880355E-6	1.132087E-5	-4.398400E-7	9.999995E-6	14.100007	9789.779000	0.000000	0.000000	7.481203	0.000000	0.468616	4.686160E-6	8.299090E-6	-1.073230E-6	9.999995E-6	15.850008	0.000000	0.000000	7.481203	0.000000	2.383927	0.000000
94.000000	9424.000000	9790.353000	0.000000	0.000000	7.484303	0.000000	0.600082	6.000820E-6	1.135393E-5	-6.477100E-7	1.000000E-5	14.100000	9790.877999	0.000000	0.000000	7.484303	0.000000	0.479736	4.797365E-6	8.381730E-6	-1.213000E-6	1.000000E-5	15.800000	0.000000	0.000000	7.484303	0.000000	2.436494	0.000000
95.000000	9425.000000	9791.345999	0.000000	0.000000	7.484303	0.000000	0.601538	6.015385E-6	1.146991E-5	-5.608600E-7	1.000000E-5	14.149993	9791.878999	0.000000	0.000000	7.484303	0.000000	0.492465	4.924655E-6	8.526490E-6	-1.322820E-6	1.000000E-5	15.850000	0.000000	0.000000	7.484303	0.000000	2.470646	0.000000
96.000000	9426.000000	9792.463999	0.000000	0.000000	7.493054	0.000000	0.599774	5.997735E-6	1.117687E-5	-8.186000E-7	9.999995E-6	14.250007	9792.983999	0.000000	0.000000	7.493054	0.000000	0.504279	5.042795E-6	8.621340E-6	-1.464250E-6	1.000000E-5	15.849992	0.000000	0.000000	7.493054	0.000000	2.495483	0.000000
97.000000	9427.000000	9793.450999	0.000000	0.000000	7.493054	0.000000	0.604508	6.045080E-6	1.119480E-5	-8.953600E-7	1.000000E-5	14.050000	9793.969999	0.000000	0.000000	7.493054	0.000000	0.523552	5.235530E-6	8.810470E-6	-1.660590E-6	1.000001E-5	15.949984	0.000000	0.000000	7.493054	0.000000	2.551819	0.000000
98.000000	9428.000000	9794.568999	0.000000	0.000000	7.503494	0.000000	0.598597	5.985970E-6	1.123402E-5	-7.379200E-7	1.000000E-5	14.300000	9795.088999	0.000000	0.000000	7.503494	0.000000	0.534452	5.344520E-6	8.933600E-6	-1.755440E-6	1.000000E-5	16.050000	0.000000	0.000000	7.503494	0.000000	2.564839	0.000000
99.000000	9429.000000	9795.560999	0.000000	0.000000	7.503494	0.000000	0.597056	5.970560E-6	1.125587E-5	-6.852500E-7	1.000000E-5	14.349993	9796.083999	0.000000	0.000000	7.507494	0.008001	0.536033	5.360325E-6	8.949130E-6	-1.771520E-6	1.000000E-5	15.950000	0.000000	0.000000	7.505494	0.004000	2.565199	0.000000
100.000000	9430.000000	9796.651000	0.000000	0.000000	7.511494	0.000000	0.604116	6.041160E-6	1.134272E-5	-7.396000E-7	1.000000E-5	13.999993	9797.168999	0.000000	0.000000	7.511494	0.000000	0.543076	5.430765E-6	8.997380E-6	-1.864150E-6	1.000000E-5	16.000000	0.000000	0.000000	7.511494	0.000000	2.597191	0.000000
101.000000	9431.000000	9797.645999	0.000000	0.000000	7.511494	0.000000	0.596636	5.966360E-6	1.115446E-5	-7.782600E-7	1.000000E-5	14.200000	9798.162000	0.000000	0.000000	7.512632	0.002276	0.540165	5.401650E-6	8.970210E-6	-1.833090E-6	9.999995E-6	16.000008	0.000000	0.000000	7.512063	0.001138	2.573992	0.000000
102.000000	9432.000000	9798.734000	0.000000	0.000000	7.513770	0.000000	0.598653	5.986530E-6	1.122394E-5	-7.491200E-7	1.000000E-5	14.150000	9799.253999	0.000000	0.000000	7.513770	0.000000	0.541246	5.412465E-6	9.009590E-6	-1.815340E-6	1.000000E-5	15.950000	0.000000	0.000000	7.513770	0.000000	2.580945	0.000000
103.000000	9433.000000	9799.723000	0.000000	0.000000	7.513770	0.000000	0.609523	6.095230E-6	1.133376E-5	-8.567000E-7	1.000000E-5	14.400000	9800.318000	0.000000	0.000000	7.513770	0.000000	0.543492	5.434925E-6	9.007920E-6	-1.861930E-6	1.000000E-5	15.950000	0.000000	0.000000	7.513770	0.000000	2.609968	0.000000
104.000000	9434.000000	9800.800999	0.000000	0.000000	7.513770	0.000000	0.611007	6.110075E-6	1.133151E-5	-8.886400E-7	1.000000E-5	14.250000	9801.319999	0.000000	0.000000	7.513770	0.000000	0.541191	5.411905E-6	9.007920E-6	-1.815890E-6	1.000000E-5	16.100000	0.000000	0.000000	7.513770	0.000000	2.607762	0.000000
105.000000	9435.000000	9801.790999	0.000000	0.000000	7.513770	0.000000	0.599746	5.997455E-6	1.118752E-5	-8.073900E-7	9.999995E-6	14.400007	9802.407999	0.000000	0.000000	7.515316	0.000000	0.545489	5.454890E-6	9.023450E-6	-1.886330E-6	1.000000E-5	16.000000	0.000000	0.000000	7.514543	0.001546	2.593288	0.000000
106.000000	9436.000000	9802.876999	0.000000	0.000000	7.515316	0.000000	0.606357	6.063570E-6	1.126764E-5	-8.595000E-7	1.000000E-5	14.200000	9803.417000	0.000000	0.000000	7.515316	0.000000	0.542244	5.422445E-6	8.997940E-6	-1.846950E-6	1.000000E-5	16.149992	0.000000	0.000000	7.515316	0.000000	2.600124	0.000000
107.000000	9437.000000	9803.896999	0.000000	0.000000	7.515316	0.000000	0.607085	6.070855E-6	1.135281E-5	-7.889000E-7	1.000000E-5	14.200000	9804.490998	0.000000	0.000000	7.514280	0.000000	0.539388	5.393880E-6	8.974640E-6	-1.813120E-6	1.000000E-5	15.850000	0.000000	0.000000	7.514798	0.001036	2.594973	0.000000
108.000000	9438.000000	9804.962998	0.000000	0.000000	7.514280	0.000000	0.595908	5.959075E-6	1.131022E-5	-6.079300E-7	9.999995E-6	14.200007	9805.481999	0.000000	0.000000	7.514280	0.000000	0.541745	5.417455E-6	8.985180E-6	-1.849730E-6	1.000000E-5	15.999992	0.000000	0.000000	7.514280	0.000000	2.576100	0.000000
109.000000	9439.000000	9805.948999	0.000000	0.000000	7.514280	0.000000	0.604144	6.041440E-6	1.139707E-5	-6.858100E-7	9.999995E-6	14.050007	9806.544999	0.000000	0.000000	7.513877	0.000000	0.539749	5.397490E-6	8.977420E-6	-1.817560E-6	1.000000E-5	16.150000	0.000000	0.000000	7.514079	0.000403	2.589419	0.000000
110.000000	9440.000000	9807.014999	0.000000	0.000000	7.513877	0.000000	0.588680	5.886795E-6	1.135505E-5	-4.185400E-7	9.999995E-6	14.150007	9807.532999	0.000000	0.000000	7.513877	0.000000	0.540913	5.409135E-6	8.987960E-6	-1.830310E-6	1.000000E-5	16.100000	0.000000	0.000000	7.513877	0.000000	2.558275	0.000000
111.000000	9441.000000	9808.001999	0.000000	0.000000	7.513877	0.000000	0.609803	6.098030E-6	1.145254E-5	-7.435200E-7	1.000000E-5	14.200000	9808.604999	0.000000	0.000000	7.516893	0.000000	0.542328	5.423275E-6	9.012910E-6	-1.833640E-6	9.999995E-6	16.000008	0.000000	0.000000	7.515385	0.003016	2.607829	0.000000
112.000000	9442.000000	9809.073999	0.000000	0.000000	7.516893	0.000000	0.602014	6.020145E-6	1.134944E-5	-6.908500E-7	1.000000E-5	14.250000	9809.595999	0.000000	0.000000	7.516893	0.000000	0.542494	5.424940E-6	8.994610E-6	-1.855270E-6	1.000000E-5	16.000000	0.000000	0.000000	7.516893	0.000000	2.591229	0.000000
113.000000	9443.000000	9810.063999	0.000000	0.000000	7.515832	0.002121	0.603780	6.037800E-6	1.137298E-5	-7.026200E-7	1.000000E-5	14.149993	9810.677999	0.000000	0.000000	7.514771	0.000000	0.544325	5.443245E-6	9.007370E-6	-1.879120E-6	9.999995E-6	16.100008	0.000000	0.000000	7.515302	0.001061	2.599392	0.000000
114.000000	9444.000000	9811.146999	0.000000	0.000000	7.514771	0.000000	0.585710	5.857100E-6	1.133936E-5	-3.748400E-7	1.000000E-5	14.300000	9811.665999	0.000000	0.000000	7.514771	0.000000	0.541468	5.414685E-6	8.989070E-6	-1.840300E-6	1.000000E-5	16.000000	0.000000	0.000000	7.514771	0.000000	2.553025	0.000000
115.000000	9445.000000	9812.145999	0.000000	0.000000	7.514549	0.000444	0.609859	6.098590E-6	1.157861E-5	-6.185700E-7	1.000000E-5	14.350000	9812.734999	0.000000	0.000000	7.514327	0.000000	0.540331	5.403310E-6	8.972980E-6	-1.833640E-6	1.000000E-5	15.900000	0.000000	0.000000	7.514438	0.000222	2.603233	0.000000
116.000000	9446.000000	9813.216999	0.000000	0.000000	7.514327	0.000000	0.600866	6.008660E-6	1.147159E-5	-5.457300E-7	1.000000E-5	14.400000	9813.738999	0.000000	0.000000	7.514327	0.000000	0.542882	5.428825E-6	8.976310E-6	-1.881340E-6	1.000000E-5	15.900000	0.000000	0.000000	7.514327	0.000000	2.589630	0.000000
117.000000	9447.000000	9814.218999	0.000000	0.000000	7.514804	0.000954	0.596860	5.968600E-6	1.143685E-5	-5.003500E-7	1.000000E-5	14.099993	9814.818998	0.000000	0.000000	7.515281	0.000000	0.543049	5.430490E-6	8.976860E-6	-1.884120E-6	9.999995E-6	16.000008	0.000000	0.000000	7.515043	0.000477	2.581243	0.000000
118.000000	9448.000000	9815.288999	0.000000	0.000000	7.515281	0.000000	0.604060	6.040600E-6	1.148280E-5	-5.984000E-7	1.000000E-5	14.149993	9815.807999	0.000000	0.000000	7.515281	0.000000	0.541968	5.419675E-6	9.004600E-6	-1.834750E-6	9.999995E-6	16.050008	0.000000	0.000000	7.515281	0.000000	2.594460	0.000000
119.000000	9449.000000	9816.361999	0.000000	0.000000	7.513415	0.000000	0.631486	6.314865E-6	1.142228E-5	-1.207450E-6	1.000000E-5	14.250000	9816.881999	0.000000	0.000000	7.513415	0.000000	0.539998	5.399985E-6	8.946910E-6	-1.853060E-6	1.000000E-5	15.900000	0.000000	0.000000	7.513415	0.000000	2.649175	0.000000
120.000000	9450.000000	9817.351999	0.000000	0.000000	7.513415	0.000000	0.593022	5.930220E-6	1.132031E-5	-5.401300E-7	1.000000E-5	14.350000	9817.870999	0.000000	0.000000	7.513415	0.000000	0.544685	5.446850E-6	9.011250E-6	-1.882450E-6	1.000000E-5	16.100000	0.000000	0.000000	7.513415	0.000000	2.576635	0.000000
121.000000	9451.000000	9818.454999	0.000000	0.000000	7.514167	0.000000	0.600754	6.007540E-6	1.134720E-5	-6.678800E-7	9.999995E-6	14.200007	9818.976999	0.000000	0.000000	7.514167	0.000000	0.546709	5.467095E-6	9.017350E-6	-1.916840E-6	1.000000E-5	15.850000	0.000000	0.000000	7.514167	0.000000	2.598359	0.000000
122.000000	9452.000000	9819.455998	0.000000	0.000000	7.514167	0.000000	0.597728	5.977285E-6	1.134552E-5	-6.090500E-7	1.000000E-5	14.099993	9819.985999	0.000000	0.000000	7.514167	0.000000	0.544325	5.443245E-6	8.999050E-6	-1.887440E-6	9.999995E-6	16.050008	0.000000	0.000000	7.514167	0.000000	2.586135	0.000000
123.000000	9453.000000	9820.571999	0.000000	0.000000	7.517812	0.000000	0.613809	6.138090E-6	1.146543E-5	-8.107500E-7	1.000000E-5	14.050000	9821.091998	0.000000	0.000000	7.517812	0.000000	0.545267	5.452675E-6	8.991280E-6	-1.914070E-6	1.000000E-5	15.749992	0.000000	0.000000	7.517812	0.000000	2.623489	0.000000
124.000000	9454.000000	9821.562999	0.000000	0.000000	7.517812	0.000000	0.581816	5.818155E-6	1.094042E-5	-6.958900E-7	9.999995E-6	14.350007	9822.085000	0.000000	0.000000	7.517121	0.001382	0.540775	5.407750E-6	8.945250E-6	-1.870250E-6	9.999995E-6	16.000008	0.000000	0.000000	7.517467	0.000691	2.542815	0.000000
125.000000	9455.000000	9822.655999	0.000000	0.000000	7.516430	0.000000	0.605741	6.057410E-6	1.135225E-5	-7.625700E-7	1.000000E-5	14.100000	9823.174999	0.000000	0.000000	7.516430	0.000000	0.545461	5.454615E-6	9.017350E-6	-1.891880E-6	1.000000E-5	16.050000	0.000000	0.000000	7.516430	0.000000	2.606351	0.000000
126.000000	9456.000000	9823.643999	0.000000	0.000000	7.516430	0.000000	0.589296	5.892960E-6	1.123122E-5	-5.547000E-7	1.000000E-5	14.050000	9824.161999	0.000000	0.000000	7.516759	0.000658	0.543520	5.435200E-6	8.977970E-6	-1.892430E-6	1.000000E-5	16.100000	0.000000	0.000000	7.516595	0.000329	2.565712	0.000000
127.000000	9457.000000	9824.707999	0.000000	0.000000	7.517088	0.000000	0.597812	5.978125E-6	1.137522E-5	-5.810300E-7	1.000000E-5	14.299993	9825.225999	0.000000	0.000000	7.517088	0.000000	0.547486	5.474860E-6	9.025670E-6	-1.924050E-6	9.999995E-6	16.000008	0.000000	0.000000	7.517088	0.000000	2.593715	0.000000
128.000000	9458.000000	9825.710999	0.000000	0.000000	7.517088	0.000000	0.600193	6.001935E-6	1.140099E-5	-6.028800E-7	1.000000E-5	14.199993	9826.305999	0.000000	0.000000	7.518884	0.003592	0.548983	5.489835E-6	9.052850E-6	-1.926820E-6	1.000000E-5	16.000000	0.000000	0.000000	7.517986	0.001796	2.602448	0.000000
129.000000	9459.000000	9826.800999	0.000000	0.000000	7.520680	0.000000	0.605152	6.051525E-6	1.137914E-5	-7.239100E-7	1.000000E-5	14.149993	9827.319999	0.000000	0.000000	7.520680	0.000000	0.549732	5.497320E-6	9.040090E-6	-1.954550E-6	1.000000E-5	15.949992	0.000000	0.000000	7.520680	0.000000	2.615085	0.000000
130.000000	9460.000000	9827.804999	0.000000	0.000000	7.520680	0.000000	0.596972	5.969720E-6	1.130742E-5	-6.320200E-7	9.999995E-6	14.150007	9828.408999	0.000000	0.000000	7.521077	0.000000	0.550370	5.503700E-6	9.083910E-6	-1.923490E-6	1.000000E-5	16.350000	0.000000	0.000000	7.520878	0.000397	2.598597	0.000000
131.000000	9461.000000	9828.876998	0.000000	0.000000	7.521077	0.000000	0.606610	6.066090E-6	1.141668E-5	-7.155000E-7	9.999990E-6	14.200014	9829.395999	0.000000	0.000000	7.521077	0.000000	0.548540	5.485400E-6	9.068380E-6	-1.902420E-6	9.999995E-6	16.150008	0.000000	0.000000	7.521077	0.000000	2.615483	0.000000
132.000000	9462.000000	9829.863999	0.000000	0.000000	7.521077	0.000000	0.605712	6.057125E-6	1.138810E-5	-7.261500E-7	1.000000E-5	14.250000	9830.469999	0.000000	0.000000	7.525912	0.000000	0.553587	5.535870E-6	9.093890E-6	-1.977850E-6	1.000000E-5	15.950000	0.000000	0.000000	7.523494	0.004835	2.625340	0.000000
133.000000	9463.000000	9830.939999	0.000000	0.000000	7.525912	0.000000	0.598064	5.980645E-6	1.122506E-5	-7.362300E-7	1.000000E-5	14.350000	9831.462000	0.000000	0.000000	7.525912	0.000000	0.550564	5.505645E-6	9.069490E-6	-1.941800E-6	1.000000E-5	15.949992	0.000000	0.000000	7.525912	0.000000	2.601456	0.000000
134.000000	9464.000000	9831.934999	0.000000	0.000000	7.525912	0.000000	0.603891	6.038915E-6	1.125699E-5	-8.208400E-7	1.000000E-5	14.350000	9832.542999	0.000000	0.000000	7.534964	0.000000	0.556083	5.560830E-6	9.122180E-6	-1.999480E-6	1.000000E-5	15.900000	0.000000	0.000000	7.530438	0.009052	2.627163	0.000000
135.000000	9465.000000	9833.016999	0.000000	0.000000	7.534964	0.000000	0.593247	5.932460E-6	1.122562E-5	-6.393000E-7	9.999990E-6	14.100014	9833.542999	0.000000	0.000000	7.534964	0.000000	0.553948	5.539480E-6	9.118300E-6	-1.960660E-6	9.999995E-6	16.050008	0.000000	0.000000	7.534964	0.000000	2.598693	0.000000
136.000000	9466.000000	9834.012999	0.000000	0.000000	7.534964	0.000000	0.610336	6.103355E-6	1.131695E-5	-8.897600E-7	9.999995E-6	14.200007	9834.611999	0.000000	0.000000	7.547832	0.000000	0.556083	5.560830E-6	9.129940E-6	-1.991720E-6	1.000000E-5	16.099992	0.000000	0.000000	7.541398	0.012868	2.641331	0.000000
137.000000	9467.000000	9835.084999	0.000000	0.000000	7.547832	0.000000	0.601594	6.015945E-6	1.135729E-5	-6.746000E-7	1.000000E-5	14.400000	9835.608999	0.000000	0.000000	7.547832	0.000000	0.556166	5.561660E-6	9.133270E-6	-1.990050E-6	9.999995E-6	15.900008	0.000000	0.000000	7.547832	0.000000	2.622294	0.000000
138.000000	9468.000000	9836.075999	0.000000	0.000000	7.550867	0.006070	0.591284	5.912845E-6	1.118303E-5	-6.426600E-7	1.000000E-5	14.199993	9836.660999	0.000000	0.000000	7.553902	0.000000	0.555833	5.558335E-6	9.124400E-6	-1.992270E-6	1.000000E-5	16.050000	0.000000	0.000000	7.552384	0.003035	2.598715	0.000000
139.000000	9469.000000	9837.130999	0.000000	0.000000	7.553902	0.000000	0.596047	5.960475E-6	1.129734E-5	-6.236100E-7	1.000000E-5	14.300000	9837.650999	0.000000	0.000000	7.553902	0.000000	0.556250	5.562495E-6	9.133270E-6	-1.991720E-6	9.999995E-6	15.850008	0.000000	0.000000	7.553902	0.000000	2.610233	0.000000
140.000000	9470.000000	9838.120999	0.000000	0.000000	7.554728	0.001652	0.606498	6.064975E-6	1.128109E-5	-8.488600E-7	1.000000E-5	14.250000	9838.715999	0.000000	0.000000	7.555554	0.000000	0.555251	5.552510E-6	9.116080E-6	-1.988940E-6	1.000000E-5	16.249992	0.000000	0.000000	7.555141	0.000826	2.630954	0.000000
141.000000	9471.000000	9839.183999	0.000000	0.000000	7.555554	0.000000	0.607366	6.073655E-6	1.130518E-5	-8.421300E-7	1.000000E-5	14.100000	9839.702999	0.000000	0.000000	7.555554	0.000000	0.556471	5.564710E-6	9.079470E-6	-2.049950E-6	1.000000E-5	15.900000	0.000000	0.000000	7.555554	0.000000	2.635714	0.000000
142.000000	9472.000000	9840.169999	0.000000	0.000000	7.556202	0.001296	0.606245	6.062450E-6	1.134104E-5	-7.838600E-7	9.999995E-6	14.400007	9840.781999	0.000000	0.000000	7.556849	0.000000	0.556027	5.560275E-6	9.122180E-6	-1.998370E-6	1.000000E-5	16.099992	0.000000	0.000000	7.556526	0.000648	2.632214	0.000000
143.000000	9473.000000	9841.251998	0.000000	0.000000	7.556849	0.000000	0.605012	6.050125E-6	1.126484E-5	-8.354100E-7	1.000000E-5	14.050000	9841.784999	0.000000	0.000000	7.556849	0.000000	0.554668	5.546685E-6	9.114410E-6	-1.978960E-6	1.000000E-5	16.150000	0.000000	0.000000	7.556849	0.000000	2.626329	0.000000
144.000000	9474.000000	9842.279999	0.000000	0.000000	7.556470	0.000759	0.609887	6.098870E-6	1.136121E-5	-8.365300E-7	1.000000E-5	14.400000	9842.846999	0.000000	0.000000	7.556090	0.000000	0.558191	5.581905E-6	9.141590E-6	-2.022220E-6	9.999995E-6	16.300008	0.000000	0.000000	7.556280	0.000380	2.645277	0.000000
145.000000	9475.000000	9843.326999	0.000000	0.000000	7.556090	0.000000	0.615546	6.155460E-6	1.132199E-5	-9.889300E-7	9.999995E-6	14.200007	9843.848999	0.000000	0.000000	7.556090	0.000000	0.556111	5.561110E-6	9.108870E-6	-2.013350E-6	1.000000E-5	16.150000	0.000000	0.000000	7.556090	0.000000	2.652817	0.000000
146.000000	9476.000000	9844.413999	0.000000	0.000000	7.553187	0.000000	0.599745	5.997455E-6	1.143237E-5	-5.625400E-7	1.000000E-5	14.299993	9844.942999	0.000000	0.000000	7.553187	0.000000	0.555140	5.551400E-6	9.077810E-6	-2.024990E-6	1.000000E-5	16.150000	0.000000	0.000000	7.553187	0.000000	2.615824	0.000000
147.000000	9477.000000	9845.411999	0.000000	0.000000	7.553187	0.000000	0.607534	6.075335E-6	1.143293E-5	-7.177400E-7	1.000000E-5	14.300000	9845.934999	0.000000	0.000000	7.553187	0.000000	0.556582	5.565820E-6	9.108310E-6	-2.023330E-6	1.000000E-5	16.150000	0.000000	0.000000	7.553187	0.000000	2.636343	0.000000
148.000000	9478.000000	9846.537999	0.000000	0.000000	7.554175	0.000000	0.591565	5.915650E-6	1.138138E-5	-4.499200E-7	1.000000E-5	14.300000	9847.057999	0.000000	0.000000	7.554175	0.000000	0.558218	5.582185E-6	9.173760E-6	-1.990610E-6	1.000000E-5	16.050000	0.000000	0.000000	7.554175	0.000000	2.604857	0.000000
149.000000	9479.000000	9847.526999	0.000000	0.000000	7.554175	0.000000	0.595991	5.959910E-6	1.138866E-5	-5.311600E-7	1.000000E-5	14.250000	9848.045999	0.000000	0.000000	7.554811	0.001272	0.556111	5.561110E-6	9.150470E-6	-1.971750E-6	1.000000E-5	16.150000	0.000000	0.000000	7.554493	0.000636	2.609786	0.000000
150.000000	9480.000000	9848.614000	0.000000	0.000000	7.555447	0.000000	0.604199	6.041995E-6	1.140379E-5	-6.802000E-7	1.000000E-5	14.250000	9849.133997	0.000000	0.000000	7.555447	0.000000	0.555972	5.559725E-6	9.119410E-6	-2.000040E-6	1.000000E-5	15.999992	0.000000	0.000000	7.555447	0.000000	2.627583	0.000000
151.000000	9481.000000	9849.614999	0.000000	0.000000	7.555447	0.000000	0.603891	6.038915E-6	1.145590E-5	-6.219300E-7	1.000000E-5	14.199993	9850.140999	0.000000	0.000000	7.557616	0.004339	0.556998	5.569980E-6	9.128830E-6	-2.011130E-6	1.000000E-5	15.950000	0.000000	0.000000	7.556532	0.002169	2.629296	0.000000
152.000000	9482.000000	9850.719001	0.000000	0.000000	7.559786	0.000000	0.613276	6.132765E-6	1.147775E-5	-7.877800E-7	1.000000E-5	14.299993	9851.239999	0.000000	0.000000	7.559786	0.000000	0.553975	5.539755E-6	9.113860E-6	-1.965650E-6	1.000000E-5	16.149992	0.000000	0.000000	7.559786	0.000000	2.642834	0.000000
153.000000	9483.000000	9851.711999	0.000000	0.000000	7.559786	0.000000	0.604145	6.041440E-6	1.120937E-5	-8.735100E-7	9.999990E-6	14.300014	9852.307998	0.000000	0.000000	7.567149	0.014727	0.555307	5.553065E-6	9.117190E-6	-1.988940E-6	9.999995E-6	16.150008	0.000000	0.000000	7.563467	0.007363	2.625909	0.000000
154.000000	9484.000000	9852.790999	0.000000	0.000000	7.574512	0.000000	0.608010	6.080095E-6	1.131414E-5	-8.460500E-7	9.999995E-6	14.400007	9853.312000	0.000000	0.000000	7.574512	0.000000	0.558384	5.583845E-6	9.152680E-6	-2.015010E-6	1.000000E-5	16.100000	0.000000	0.000000	7.574512	0.000000	2.641600	0.000000
155.000000	9485.000000	9853.781999	0.000000	0.000000	7.574512	0.000000	0.605517	6.055165E-6	1.131807E-5	-7.922600E-7	9.999995E-6	14.150007	9854.377000	0.000000	0.000000	7.594278	0.000000	0.555917	5.559165E-6	9.146580E-6	-1.971750E-6	9.999995E-6	16.100008	0.000000	0.000000	7.584395	0.019766	2.630353	0.000000
156.000000	9486.000000	9854.857999	0.000000	0.000000	7.594278	0.000000	0.601735	6.017345E-6	1.123794E-5	-7.967500E-7	1.000000E-5	14.300000	9855.373999	0.000000	0.000000	7.594278	0.000000	0.554392	5.543915E-6	9.101660E-6	-1.986170E-6	1.000000E-5	15.750000	0.000000	0.000000	7.594278	0.000000	2.618466	0.000000
157.000000	9487.000000	9855.842999	0.000000	0.000000	7.594278	0.000000	0.599689	5.996895E-6	1.121609E-5	-7.777000E-7	1.000000E-5	14.350000	9856.402999	0.000000	0.000000	7.608752	0.000000	0.557498	5.574975E-6	9.174320E-6	-1.975630E-6	9.999995E-6	16.000008	0.000000	0.000000	7.601515	0.014474	2.621186	0.000000
158.000000	9488.000000	9856.933999	0.000000	0.000000	7.608752	0.000000	0.599886	5.998860E-6	1.120377E-5	-7.939500E-7	1.000000E-5	14.350000	9857.449999	0.000000	0.000000	7.608752	0.000000	0.553698	5.536980E-6	9.126060E-6	-1.947900E-6	1.000000E-5	15.949992	0.000000	0.000000	7.608752	0.000000	2.612775	0.000000
159.000000	9489.000000	9857.934999	0.000000	0.000000	7.608752	0.000000	0.608318	6.083180E-6	1.132087E-5	-8.454900E-7	1.000000E-5	14.300000	9858.562999	0.000000	0.000000	7.615449	0.000000	0.555528	5.555285E-6	9.152130E-6	-1.958440E-6	1.000000E-5	16.200000	0.000000	0.000000	7.612101	0.006697	2.635604	0.000000
160.000000	9490.000000	9859.031999	0.000000	0.000000	7.615449	0.000000	0.598821	5.988210E-6	1.130574E-5	-6.706800E-7	1.000000E-5	14.350000	9859.551999	0.000000	0.000000	7.615449	0.000000	0.557109	5.571090E-6	9.158230E-6	-1.983950E-6	1.000000E-5	16.100000	0.000000	0.000000	7.615449	0.000000	2.618363	0.000000
161.000000	9491.000000	9860.019999	0.000000	0.000000	7.615449	0.000000	0.601035	6.010345E-6	1.125980E-5	-7.608900E-7	9.999995E-6	14.200007	9860.639999	0.000000	0.000000	7.617307	0.000000	0.556221	5.562215E-6	9.114970E-6	-2.009460E-6	1.000000E-5	16.100000	0.000000	0.000000	7.616378	0.001858	2.621188	0.000000
162.000000	9492.000000	9861.121999	0.000000	0.000000	7.617307	0.000000	0.598989	5.989890E-6	1.123234E-5	-7.474400E-7	9.999995E-6	14.300007	9861.641999	0.000000	0.000000	7.617307	0.000000	0.556859	5.568595E-6	9.157120E-6	-1.980070E-6	1.000000E-5	16.249992	0.000000	0.000000	7.617307	0.000000	2.618154	0.000000
163.000000	9493.000000	9862.127000	0.000000	0.000000	7.618659	0.002704	0.609439	6.094390E-6	1.141388E-5	-7.749000E-7	1.000000E-5	14.450000	9862.729999	0.000000	0.000000	7.620011	0.000000	0.556111	5.561110E-6	9.153240E-6	-1.968980E-6	9.999995E-6	16.150008	0.000000	0.000000	7.619335	0.001352	2.639429	0.000000
164.000000	9494.000000	9863.199999	0.000000	0.000000	7.620011	0.000000	0.612408	6.124085E-6	1.132087E-5	-9.273000E-7	1.000000E-5	14.300000	9863.732999	0.000000	0.000000	7.620011	0.000000	0.558856	5.588565E-6	9.200940E-6	-1.976190E-6	1.000000E-5	16.100000	0.000000	0.000000	7.620011	0.000000	2.652373	0.000000
165.000000	9495.000000	9864.203000	0.000000	0.000000	7.621552	0.003083	0.599213	5.992135E-6	1.127773E-5	-7.065400E-7	1.000000E-5	14.200000	9864.809999	0.000000	0.000000	7.623094	0.000000	0.555916	5.559165E-6	9.164330E-6	-1.954000E-6	1.000000E-5	15.899992	0.000000	0.000000	7.622323	0.001541	2.616457	0.000000
166.000000	9496.000000	9865.279999	0.000000	0.000000	7.623094	0.000000	0.606133	6.061330E-6	1.120881E-5	-9.138500E-7	1.000000E-5	14.399993	9865.802999	0.000000	0.000000	7.623094	0.000000	0.555861	5.558610E-6	9.172650E-6	-1.944570E-6	1.000000E-5	16.100000	0.000000	0.000000	7.623094	0.000000	2.631578	0.000000
167.000000	9497.000000	9866.350998	0.000000	0.000000	7.624957	0.000000	0.605741	6.057410E-6	1.135617E-5	-7.586500E-7	9.999995E-6	14.250007	9866.869999	0.000000	0.000000	7.624957	0.000000	0.557525	5.575250E-6	9.165440E-6	-1.985060E-6	1.000000E-5	16.000000	0.000000	0.000000	7.624957	0.000000	2.634601	0.000000
168.000000	9498.000000	9867.337999	0.000000	0.000000	7.624957	0.000000	0.604844	6.048440E-6	1.145702E-5	-6.398600E-7	1.000000E-5	14.450000	9867.854999	0.000000	0.000000	7.624957	0.000000	0.555113	5.551125E-6	9.163780E-6	-1.938470E-6	9.999995E-6	15.900008	0.000000	0.000000	7.624957	0.000000	2.626996	0.000000
169.000000	9499.000000	9868.437999	0.000000	0.000000	7.623962	0.000000	0.598905	5.989055E-6	1.133376E-5	-6.443500E-7	1.000000E-5	14.249993	9868.960999	0.000000	0.000000	7.623962	0.000000	0.558662	5.586620E-6	9.194840E-6	-1.978400E-6	1.000000E-5	15.750000	0.000000	0.000000	7.623962	0.000000	2.622157	0.000000
170.000000	9500.000000	9869.429999	0.000000	0.000000	7.623962	0.000000	0.635128	6.351285E-6	1.145870E-5	-1.243870E-6	1.000000E-5	14.350000	9869.953999	0.000000	0.000000	7.623962	0.000000	0.557442	5.574415E-6	9.176530E-6	-1.972300E-6	9.999995E-6	15.950008	0.000000	0.000000	7.623962	0.000000	2.698600	0.000000
171.000000	9501.000000	9870.540999	0.000000	0.000000	7.625447	0.000000	0.612100	6.121000E-6	1.148784E-5	-7.541600E-7	1.000000E-5	14.550000	9871.057999	0.000000	0.000000	7.625447	0.000000	0.556193	5.561935E-6	9.159890E-6	-1.963980E-6	1.000000E-5	15.949992	0.000000	0.000000	7.625447	0.000000	2.645460	0.000000
