# Phonon band structure data file
# Generated by Abinit
# natom: 1, nqpt: 279
# Frequencies are in meV
# List of q-points and their index (C notation i.e. count from 0)
# 0 [ 0.0000E+00,  0.0000E+00,  0.0000E+00]
# 1 [-5.8824E-03,  5.8824E-03,  5.8824E-03]
# 2 [-1.1765E-02,  1.1765E-02,  1.1765E-02]
# 3 [-1.7647E-02,  1.7647E-02,  1.7647E-02]
# 4 [-2.3529E-02,  2.3529E-02,  2.3529E-02]
# 5 [-2.9412E-02,  2.9412E-02,  2.9412E-02]
# 6 [-3.5294E-02,  3.5294E-02,  3.5294E-02]
# 7 [-4.1176E-02,  4.1176E-02,  4.1176E-02]
# 8 [-4.7059E-02,  4.7059E-02,  4.7059E-02]
# 9 [-5.2941E-02,  5.2941E-02,  5.2941E-02]
# 10 [-5.8824E-02,  5.8824E-02,  5.8824E-02]
# 11 [-6.4706E-02,  6.4706E-02,  6.4706E-02]
# 12 [-7.0588E-02,  7.0588E-02,  7.0588E-02]
# 13 [-7.6471E-02,  7.6471E-02,  7.6471E-02]
# 14 [-8.2353E-02,  8.2353E-02,  8.2353E-02]
# 15 [-8.8235E-02,  8.8235E-02,  8.8235E-02]
# 16 [-9.4118E-02,  9.4118E-02,  9.4118E-02]
# 17 [-1.0000E-01,  1.0000E-01,  1.0000E-01]
# 18 [-1.0588E-01,  1.0588E-01,  1.0588E-01]
# 19 [-1.1176E-01,  1.1176E-01,  1.1176E-01]
# 20 [-1.1765E-01,  1.1765E-01,  1.1765E-01]
# 21 [-1.2353E-01,  1.2353E-01,  1.2353E-01]
# 22 [-1.2941E-01,  1.2941E-01,  1.2941E-01]
# 23 [-1.3529E-01,  1.3529E-01,  1.3529E-01]
# 24 [-1.4118E-01,  1.4118E-01,  1.4118E-01]
# 25 [-1.4706E-01,  1.4706E-01,  1.4706E-01]
# 26 [-1.5294E-01,  1.5294E-01,  1.5294E-01]
# 27 [-1.5882E-01,  1.5882E-01,  1.5882E-01]
# 28 [-1.6471E-01,  1.6471E-01,  1.6471E-01]
# 29 [-1.7059E-01,  1.7059E-01,  1.7059E-01]
# 30 [-1.7647E-01,  1.7647E-01,  1.7647E-01]
# 31 [-1.8235E-01,  1.8235E-01,  1.8235E-01]
# 32 [-1.8824E-01,  1.8824E-01,  1.8824E-01]
# 33 [-1.9412E-01,  1.9412E-01,  1.9412E-01]
# 34 [-2.0000E-01,  2.0000E-01,  2.0000E-01]
# 35 [-2.0588E-01,  2.0588E-01,  2.0588E-01]
# 36 [-2.1176E-01,  2.1176E-01,  2.1176E-01]
# 37 [-2.1765E-01,  2.1765E-01,  2.1765E-01]
# 38 [-2.2353E-01,  2.2353E-01,  2.2353E-01]
# 39 [-2.2941E-01,  2.2941E-01,  2.2941E-01]
# 40 [-2.3529E-01,  2.3529E-01,  2.3529E-01]
# 41 [-2.4118E-01,  2.4118E-01,  2.4118E-01]
# 42 [-2.4706E-01,  2.4706E-01,  2.4706E-01]
# 43 [-2.5294E-01,  2.5294E-01,  2.5294E-01]
# 44 [-2.5882E-01,  2.5882E-01,  2.5882E-01]
# 45 [-2.6471E-01,  2.6471E-01,  2.6471E-01]
# 46 [-2.7059E-01,  2.7059E-01,  2.7059E-01]
# 47 [-2.7647E-01,  2.7647E-01,  2.7647E-01]
# 48 [-2.8235E-01,  2.8235E-01,  2.8235E-01]
# 49 [-2.8824E-01,  2.8824E-01,  2.8824E-01]
# 50 [-2.9412E-01,  2.9412E-01,  2.9412E-01]
# 51 [-3.0000E-01,  3.0000E-01,  3.0000E-01]
# 52 [-3.0588E-01,  3.0588E-01,  3.0588E-01]
# 53 [-3.1176E-01,  3.1176E-01,  3.1176E-01]
# 54 [-3.1765E-01,  3.1765E-01,  3.1765E-01]
# 55 [-3.2353E-01,  3.2353E-01,  3.2353E-01]
# 56 [-3.2941E-01,  3.2941E-01,  3.2941E-01]
# 57 [-3.3529E-01,  3.3529E-01,  3.3529E-01]
# 58 [-3.4118E-01,  3.4118E-01,  3.4118E-01]
# 59 [-3.4706E-01,  3.4706E-01,  3.4706E-01]
# 60 [-3.5294E-01,  3.5294E-01,  3.5294E-01]
# 61 [-3.5882E-01,  3.5882E-01,  3.5882E-01]
# 62 [-3.6471E-01,  3.6471E-01,  3.6471E-01]
# 63 [-3.7059E-01,  3.7059E-01,  3.7059E-01]
# 64 [-3.7647E-01,  3.7647E-01,  3.7647E-01]
# 65 [-3.8235E-01,  3.8235E-01,  3.8235E-01]
# 66 [-3.8824E-01,  3.8824E-01,  3.8824E-01]
# 67 [-3.9412E-01,  3.9412E-01,  3.9412E-01]
# 68 [-4.0000E-01,  4.0000E-01,  4.0000E-01]
# 69 [-4.0588E-01,  4.0588E-01,  4.0588E-01]
# 70 [-4.1176E-01,  4.1176E-01,  4.1176E-01]
# 71 [-4.1765E-01,  4.1765E-01,  4.1765E-01]
# 72 [-4.2353E-01,  4.2353E-01,  4.2353E-01]
# 73 [-4.2941E-01,  4.2941E-01,  4.2941E-01]
# 74 [-4.3529E-01,  4.3529E-01,  4.3529E-01]
# 75 [-4.4118E-01,  4.4118E-01,  4.4118E-01]
# 76 [-4.4706E-01,  4.4706E-01,  4.4706E-01]
# 77 [-4.5294E-01,  4.5294E-01,  4.5294E-01]
# 78 [-4.5882E-01,  4.5882E-01,  4.5882E-01]
# 79 [-4.6471E-01,  4.6471E-01,  4.6471E-01]
# 80 [-4.7059E-01,  4.7059E-01,  4.7059E-01]
# 81 [-4.7647E-01,  4.7647E-01,  4.7647E-01]
# 82 [-4.8235E-01,  4.8235E-01,  4.8235E-01]
# 83 [-4.8824E-01,  4.8824E-01,  4.8824E-01]
# 84 [-4.9412E-01,  4.9412E-01,  4.9412E-01]
# 85 [-5.0000E-01,  5.0000E-01,  5.0000E-01]
# 86 [-4.9167E-01,  5.0000E-01,  4.9167E-01]
# 87 [-4.8333E-01,  5.0000E-01,  4.8333E-01]
# 88 [-4.7500E-01,  5.0000E-01,  4.7500E-01]
# 89 [-4.6667E-01,  5.0000E-01,  4.6667E-01]
# 90 [-4.5833E-01,  5.0000E-01,  4.5833E-01]
# 91 [-4.5000E-01,  5.0000E-01,  4.5000E-01]
# 92 [-4.4167E-01,  5.0000E-01,  4.4167E-01]
# 93 [-4.3333E-01,  5.0000E-01,  4.3333E-01]
# 94 [-4.2500E-01,  5.0000E-01,  4.2500E-01]
# 95 [-4.1667E-01,  5.0000E-01,  4.1667E-01]
# 96 [-4.0833E-01,  5.0000E-01,  4.0833E-01]
# 97 [-4.0000E-01,  5.0000E-01,  4.0000E-01]
# 98 [-3.9167E-01,  5.0000E-01,  3.9167E-01]
# 99 [-3.8333E-01,  5.0000E-01,  3.8333E-01]
# 100 [-3.7500E-01,  5.0000E-01,  3.7500E-01]
# 101 [-3.6667E-01,  5.0000E-01,  3.6667E-01]
# 102 [-3.5833E-01,  5.0000E-01,  3.5833E-01]
# 103 [-3.5000E-01,  5.0000E-01,  3.5000E-01]
# 104 [-3.4167E-01,  5.0000E-01,  3.4167E-01]
# 105 [-3.3333E-01,  5.0000E-01,  3.3333E-01]
# 106 [-3.2500E-01,  5.0000E-01,  3.2500E-01]
# 107 [-3.1667E-01,  5.0000E-01,  3.1667E-01]
# 108 [-3.0833E-01,  5.0000E-01,  3.0833E-01]
# 109 [-3.0000E-01,  5.0000E-01,  3.0000E-01]
# 110 [-2.9167E-01,  5.0000E-01,  2.9167E-01]
# 111 [-2.8333E-01,  5.0000E-01,  2.8333E-01]
# 112 [-2.7500E-01,  5.0000E-01,  2.7500E-01]
# 113 [-2.6667E-01,  5.0000E-01,  2.6667E-01]
# 114 [-2.5833E-01,  5.0000E-01,  2.5833E-01]
# 115 [-2.5000E-01,  5.0000E-01,  2.5000E-01]
# 116 [-2.4167E-01,  5.0000E-01,  2.4167E-01]
# 117 [-2.3333E-01,  5.0000E-01,  2.3333E-01]
# 118 [-2.2500E-01,  5.0000E-01,  2.2500E-01]
# 119 [-2.1667E-01,  5.0000E-01,  2.1667E-01]
# 120 [-2.0833E-01,  5.0000E-01,  2.0833E-01]
# 121 [-2.0000E-01,  5.0000E-01,  2.0000E-01]
# 122 [-1.9167E-01,  5.0000E-01,  1.9167E-01]
# 123 [-1.8333E-01,  5.0000E-01,  1.8333E-01]
# 124 [-1.7500E-01,  5.0000E-01,  1.7500E-01]
# 125 [-1.6667E-01,  5.0000E-01,  1.6667E-01]
# 126 [-1.5833E-01,  5.0000E-01,  1.5833E-01]
# 127 [-1.5000E-01,  5.0000E-01,  1.5000E-01]
# 128 [-1.4167E-01,  5.0000E-01,  1.4167E-01]
# 129 [-1.3333E-01,  5.0000E-01,  1.3333E-01]
# 130 [-1.2500E-01,  5.0000E-01,  1.2500E-01]
# 131 [-1.1667E-01,  5.0000E-01,  1.1667E-01]
# 132 [-1.0833E-01,  5.0000E-01,  1.0833E-01]
# 133 [-1.0000E-01,  5.0000E-01,  1.0000E-01]
# 134 [-9.1667E-02,  5.0000E-01,  9.1667E-02]
# 135 [-8.3333E-02,  5.0000E-01,  8.3333E-02]
# 136 [-7.5000E-02,  5.0000E-01,  7.5000E-02]
# 137 [-6.6667E-02,  5.0000E-01,  6.6667E-02]
# 138 [-5.8333E-02,  5.0000E-01,  5.8333E-02]
# 139 [-5.0000E-02,  5.0000E-01,  5.0000E-02]
# 140 [-4.1667E-02,  5.0000E-01,  4.1667E-02]
# 141 [-3.3333E-02,  5.0000E-01,  3.3333E-02]
# 142 [-2.5000E-02,  5.0000E-01,  2.5000E-02]
# 143 [-1.6667E-02,  5.0000E-01,  1.6667E-02]
# 144 [-8.3333E-03,  5.0000E-01,  8.3333E-03]
# 145 [ 0.0000E+00,  5.0000E-01,  0.0000E+00]
# 146 [ 0.0000E+00,  4.9167E-01,  0.0000E+00]
# 147 [ 0.0000E+00,  4.8333E-01,  0.0000E+00]
# 148 [ 0.0000E+00,  4.7500E-01,  0.0000E+00]
# 149 [ 0.0000E+00,  4.6667E-01,  0.0000E+00]
# 150 [ 0.0000E+00,  4.5833E-01,  0.0000E+00]
# 151 [ 0.0000E+00,  4.5000E-01,  0.0000E+00]
# 152 [ 0.0000E+00,  4.4167E-01,  0.0000E+00]
# 153 [ 0.0000E+00,  4.3333E-01,  0.0000E+00]
# 154 [ 0.0000E+00,  4.2500E-01,  0.0000E+00]
# 155 [ 0.0000E+00,  4.1667E-01,  0.0000E+00]
# 156 [ 0.0000E+00,  4.0833E-01,  0.0000E+00]
# 157 [ 0.0000E+00,  4.0000E-01,  0.0000E+00]
# 158 [ 0.0000E+00,  3.9167E-01,  0.0000E+00]
# 159 [ 0.0000E+00,  3.8333E-01,  0.0000E+00]
# 160 [ 0.0000E+00,  3.7500E-01,  0.0000E+00]
# 161 [ 0.0000E+00,  3.6667E-01,  0.0000E+00]
# 162 [ 0.0000E+00,  3.5833E-01,  0.0000E+00]
# 163 [ 0.0000E+00,  3.5000E-01,  0.0000E+00]
# 164 [ 0.0000E+00,  3.4167E-01,  0.0000E+00]
# 165 [ 0.0000E+00,  3.3333E-01,  0.0000E+00]
# 166 [ 0.0000E+00,  3.2500E-01,  0.0000E+00]
# 167 [ 0.0000E+00,  3.1667E-01,  0.0000E+00]
# 168 [ 0.0000E+00,  3.0833E-01,  0.0000E+00]
# 169 [ 0.0000E+00,  3.0000E-01,  0.0000E+00]
# 170 [ 0.0000E+00,  2.9167E-01,  0.0000E+00]
# 171 [ 0.0000E+00,  2.8333E-01,  0.0000E+00]
# 172 [ 0.0000E+00,  2.7500E-01,  0.0000E+00]
# 173 [ 0.0000E+00,  2.6667E-01,  0.0000E+00]
# 174 [ 0.0000E+00,  2.5833E-01,  0.0000E+00]
# 175 [ 0.0000E+00,  2.5000E-01,  0.0000E+00]
# 176 [ 0.0000E+00,  2.4167E-01,  0.0000E+00]
# 177 [ 0.0000E+00,  2.3333E-01,  0.0000E+00]
# 178 [ 0.0000E+00,  2.2500E-01,  0.0000E+00]
# 179 [ 0.0000E+00,  2.1667E-01,  0.0000E+00]
# 180 [ 0.0000E+00,  2.0833E-01,  0.0000E+00]
# 181 [ 0.0000E+00,  2.0000E-01,  0.0000E+00]
# 182 [ 0.0000E+00,  1.9167E-01,  0.0000E+00]
# 183 [ 0.0000E+00,  1.8333E-01,  0.0000E+00]
# 184 [ 0.0000E+00,  1.7500E-01,  0.0000E+00]
# 185 [ 0.0000E+00,  1.6667E-01,  0.0000E+00]
# 186 [ 0.0000E+00,  1.5833E-01,  0.0000E+00]
# 187 [ 0.0000E+00,  1.5000E-01,  0.0000E+00]
# 188 [ 0.0000E+00,  1.4167E-01,  0.0000E+00]
# 189 [ 0.0000E+00,  1.3333E-01,  0.0000E+00]
# 190 [ 0.0000E+00,  1.2500E-01,  0.0000E+00]
# 191 [ 0.0000E+00,  1.1667E-01,  0.0000E+00]
# 192 [ 0.0000E+00,  1.0833E-01,  0.0000E+00]
# 193 [ 0.0000E+00,  1.0000E-01,  0.0000E+00]
# 194 [ 0.0000E+00,  9.1667E-02,  0.0000E+00]
# 195 [ 0.0000E+00,  8.3333E-02,  0.0000E+00]
# 196 [ 0.0000E+00,  7.5000E-02,  0.0000E+00]
# 197 [ 0.0000E+00,  6.6667E-02,  0.0000E+00]
# 198 [ 0.0000E+00,  5.8333E-02,  0.0000E+00]
# 199 [ 0.0000E+00,  5.0000E-02,  0.0000E+00]
# 200 [ 0.0000E+00,  4.1667E-02,  0.0000E+00]
# 201 [ 0.0000E+00,  3.3333E-02,  0.0000E+00]
# 202 [ 0.0000E+00,  2.5000E-02,  0.0000E+00]
# 203 [ 0.0000E+00,  1.6667E-02,  0.0000E+00]
# 204 [ 0.0000E+00,  8.3333E-03,  0.0000E+00]
# 205 [ 0.0000E+00,  0.0000E+00,  0.0000E+00]
# 206 [ 3.4247E-03,  3.4247E-03,  3.4247E-03]
# 207 [ 6.8493E-03,  6.8493E-03,  6.8493E-03]
# 208 [ 1.0274E-02,  1.0274E-02,  1.0274E-02]
# 209 [ 1.3699E-02,  1.3699E-02,  1.3699E-02]
# 210 [ 1.7123E-02,  1.7123E-02,  1.7123E-02]
# 211 [ 2.0548E-02,  2.0548E-02,  2.0548E-02]
# 212 [ 2.3973E-02,  2.3973E-02,  2.3973E-02]
# 213 [ 2.7397E-02,  2.7397E-02,  2.7397E-02]
# 214 [ 3.0822E-02,  3.0822E-02,  3.0822E-02]
# 215 [ 3.4247E-02,  3.4247E-02,  3.4247E-02]
# 216 [ 3.7671E-02,  3.7671E-02,  3.7671E-02]
# 217 [ 4.1096E-02,  4.1096E-02,  4.1096E-02]
# 218 [ 4.4521E-02,  4.4521E-02,  4.4521E-02]
# 219 [ 4.7945E-02,  4.7945E-02,  4.7945E-02]
# 220 [ 5.1370E-02,  5.1370E-02,  5.1370E-02]
# 221 [ 5.4795E-02,  5.4795E-02,  5.4795E-02]
# 222 [ 5.8219E-02,  5.8219E-02,  5.8219E-02]
# 223 [ 6.1644E-02,  6.1644E-02,  6.1644E-02]
# 224 [ 6.5068E-02,  6.5068E-02,  6.5068E-02]
# 225 [ 6.8493E-02,  6.8493E-02,  6.8493E-02]
# 226 [ 7.1918E-02,  7.1918E-02,  7.1918E-02]
# 227 [ 7.5342E-02,  7.5342E-02,  7.5342E-02]
# 228 [ 7.8767E-02,  7.8767E-02,  7.8767E-02]
# 229 [ 8.2192E-02,  8.2192E-02,  8.2192E-02]
# 230 [ 8.5616E-02,  8.5616E-02,  8.5616E-02]
# 231 [ 8.9041E-02,  8.9041E-02,  8.9041E-02]
# 232 [ 9.2466E-02,  9.2466E-02,  9.2466E-02]
# 233 [ 9.5890E-02,  9.5890E-02,  9.5890E-02]
# 234 [ 9.9315E-02,  9.9315E-02,  9.9315E-02]
# 235 [ 1.0274E-01,  1.0274E-01,  1.0274E-01]
# 236 [ 1.0616E-01,  1.0616E-01,  1.0616E-01]
# 237 [ 1.0959E-01,  1.0959E-01,  1.0959E-01]
# 238 [ 1.1301E-01,  1.1301E-01,  1.1301E-01]
# 239 [ 1.1644E-01,  1.1644E-01,  1.1644E-01]
# 240 [ 1.1986E-01,  1.1986E-01,  1.1986E-01]
# 241 [ 1.2329E-01,  1.2329E-01,  1.2329E-01]
# 242 [ 1.2671E-01,  1.2671E-01,  1.2671E-01]
# 243 [ 1.3014E-01,  1.3014E-01,  1.3014E-01]
# 244 [ 1.3356E-01,  1.3356E-01,  1.3356E-01]
# 245 [ 1.3699E-01,  1.3699E-01,  1.3699E-01]
# 246 [ 1.4041E-01,  1.4041E-01,  1.4041E-01]
# 247 [ 1.4384E-01,  1.4384E-01,  1.4384E-01]
# 248 [ 1.4726E-01,  1.4726E-01,  1.4726E-01]
# 249 [ 1.5068E-01,  1.5068E-01,  1.5068E-01]
# 250 [ 1.5411E-01,  1.5411E-01,  1.5411E-01]
# 251 [ 1.5753E-01,  1.5753E-01,  1.5753E-01]
# 252 [ 1.6096E-01,  1.6096E-01,  1.6096E-01]
# 253 [ 1.6438E-01,  1.6438E-01,  1.6438E-01]
# 254 [ 1.6781E-01,  1.6781E-01,  1.6781E-01]
# 255 [ 1.7123E-01,  1.7123E-01,  1.7123E-01]
# 256 [ 1.7466E-01,  1.7466E-01,  1.7466E-01]
# 257 [ 1.7808E-01,  1.7808E-01,  1.7808E-01]
# 258 [ 1.8151E-01,  1.8151E-01,  1.8151E-01]
# 259 [ 1.8493E-01,  1.8493E-01,  1.8493E-01]
# 260 [ 1.8836E-01,  1.8836E-01,  1.8836E-01]
# 261 [ 1.9178E-01,  1.9178E-01,  1.9178E-01]
# 262 [ 1.9521E-01,  1.9521E-01,  1.9521E-01]
# 263 [ 1.9863E-01,  1.9863E-01,  1.9863E-01]
# 264 [ 2.0205E-01,  2.0205E-01,  2.0205E-01]
# 265 [ 2.0548E-01,  2.0548E-01,  2.0548E-01]
# 266 [ 2.0890E-01,  2.0890E-01,  2.0890E-01]
# 267 [ 2.1233E-01,  2.1233E-01,  2.1233E-01]
# 268 [ 2.1575E-01,  2.1575E-01,  2.1575E-01]
# 269 [ 2.1918E-01,  2.1918E-01,  2.1918E-01]
# 270 [ 2.2260E-01,  2.2260E-01,  2.2260E-01]
# 271 [ 2.2603E-01,  2.2603E-01,  2.2603E-01]
# 272 [ 2.2945E-01,  2.2945E-01,  2.2945E-01]
# 273 [ 2.3288E-01,  2.3288E-01,  2.3288E-01]
# 274 [ 2.3630E-01,  2.3630E-01,  2.3630E-01]
# 275 [ 2.3973E-01,  2.3973E-01,  2.3973E-01]
# 276 [ 2.4315E-01,  2.4315E-01,  2.4315E-01]
# 277 [ 2.4658E-01,  2.4658E-01,  2.4658E-01]
# 278 [ 2.5000E-01,  2.5000E-01,  2.5000E-01]
# [kpt-index, mode_1, mode_2 ...]
0   0.00000000E+00   0.00000000E+00   0.00000000E+00
1  -3.33984690E-01  -3.33984690E-01   9.14743151E-01
2  -6.67021568E-01  -6.67021568E-01   1.82675642E+00
3  -9.98110578E-01  -9.98110578E-01   2.73336344E+00
4  -1.32614906E+00  -1.32614906E+00   3.63199462E+00
5  -1.64988489E+00  -1.64988489E+00   4.52023990E+00
6  -1.96787453E+00  -1.96787453E+00   5.39590047E+00
7  -2.27844662E+00  -2.27844662E+00   6.25703875E+00
8  -2.57967152E+00  -2.57967152E+00   7.10202561E+00
9  -2.86933606E+00  -2.86933606E+00   7.92958349E+00
10  -3.14492228E+00  -3.14492228E+00   8.73882363E+00
11  -3.40358799E+00  -3.40358799E+00   9.52927537E+00
12  -3.64214568E+00  -3.64214568E+00   1.03009051E+01
13  -3.85703528E+00  -3.85703528E+00   1.10541225E+01
14  -4.04428387E+00  -4.04428387E+00   1.17897711E+01
15  -4.19944249E+00  -4.19944249E+00   1.25091011E+01
16  -4.31748467E+00  -4.31748467E+00   1.32137227E+01
17  -4.39264159E+00  -4.39264159E+00   1.39055382E+01
18  -4.41813034E+00  -4.41813034E+00   1.45866539E+01
19  -4.38569391E+00  -4.38569391E+00   1.52592726E+01
20  -4.28478798E+00  -4.28478798E+00   1.59255692E+01
21  -4.10104471E+00  -4.10104471E+00   1.65875566E+01
22  -3.81306703E+00  -3.81306703E+00   1.72469441E+01
23  -3.38463171E+00  -3.38463171E+00   1.79050002E+01
24  -2.74012250E+00  -2.74012250E+00   1.85624234E+01
25  -1.62686315E+00  -1.62686315E+00   1.92192321E+01
26   1.78038362E+00   1.78038362E+00   1.98746787E+01
27   3.15774365E+00   3.15774365E+00   2.05271929E+01
28   4.21631768E+00   4.21631768E+00   2.11743598E+01
29   5.15710933E+00   5.15710933E+00   2.18129314E+01
30   6.03518581E+00   6.03518581E+00   2.24388736E+01
31   6.87358565E+00   6.87358565E+00   2.30474436E+01
32   7.68368808E+00   7.68368808E+00   2.36332961E+01
33   8.47155198E+00   8.47155198E+00   2.41906119E+01
34   9.24046645E+00   9.24046645E+00   2.47132453E+01
35   9.99215030E+00   9.99215030E+00   2.51948837E+01
36   1.07273785E+01   1.07273785E+01   2.56292160E+01
37   1.14463341E+01   1.14463341E+01   2.60101038E+01
38   1.21488172E+01   1.21488172E+01   2.63317535E+01
39   1.28343729E+01   1.28343729E+01   2.65888839E+01
40   1.35023721E+01   1.35023721E+01   2.67768884E+01
41   1.41520639E+01   1.41520639E+01   2.68919882E+01
42   1.47826101E+01   1.47826101E+01   2.69313754E+01
43   1.53931089E+01   1.53931089E+01   2.68933438E+01
44   1.59826128E+01   1.59826128E+01   2.67774071E+01
45   1.65501426E+01   1.65501426E+01   2.65844016E+01
46   1.70947015E+01   1.70947015E+01   2.63165731E+01
47   1.76152887E+01   1.76152887E+01   2.59776461E+01
48   1.81109144E+01   1.81109144E+01   2.55728724E+01
49   1.85806169E+01   1.85806169E+01   2.51090554E+01
50   1.90234810E+01   1.90234810E+01   2.45945461E+01
51   1.94386586E+01   1.94386586E+01   2.40392017E+01
52   1.98253903E+01   1.98253903E+01   2.34542977E+01
53   2.01830280E+01   2.01830280E+01   2.28523786E+01
54   2.05110577E+01   2.05110577E+01   2.22470320E+01
55   2.08091217E+01   2.08091217E+01   2.16525655E+01
56   2.10770396E+01   2.10770396E+01   2.10835711E+01
57   2.05543682E+01   2.13148266E+01   2.13148266E+01
58   2.00783323E+01   2.15227097E+01   2.15227097E+01
59   1.96671466E+01   2.17011394E+01   2.17011394E+01
60   1.93300416E+01   2.18507979E+01   2.18507979E+01
61   1.90731237E+01   2.19726017E+01   2.19726017E+01
62   1.88989025E+01   2.20676998E+01   2.20676998E+01
63   1.88061135E+01   2.21374660E+01   2.21374660E+01
64   1.87898875E+01   2.21834855E+01   2.21834855E+01
65   1.88422477E+01   2.22075372E+01   2.22075372E+01
66   1.89528564E+01   2.22115700E+01   2.22115700E+01
67   1.91098922E+01   2.21976749E+01   2.21976749E+01
68   1.93009378E+01   2.21680541E+01   2.21680541E+01
69   1.95137767E+01   2.21249861E+01   2.21249861E+01
70   1.97370432E+01   2.20707900E+01   2.20707900E+01
71   1.99606987E+01   2.20077888E+01   2.20077888E+01
72   2.01763410E+01   2.19382734E+01   2.19382734E+01
73   2.03773637E+01   2.18644681E+01   2.18644681E+01
74   2.05589930E+01   2.17884995E+01   2.17884995E+01
75   2.07182243E+01   2.17123692E+01   2.17123692E+01
76   2.08536804E+01   2.16379304E+01   2.16379304E+01
77   2.09654093E+01   2.15668712E+01   2.15668712E+01
78   2.10546341E+01   2.15007015E+01   2.15007015E+01
79   2.11234696E+01   2.14407459E+01   2.14407459E+01
80   2.11746168E+01   2.13881411E+01   2.13881411E+01
81   2.12110498E+01   2.13438366E+01   2.13438366E+01
82   2.12357092E+01   2.13085986E+01   2.13085986E+01
83   2.12512190E+01   2.12830148E+01   2.12830148E+01
84   2.12596439E+01   2.12675001E+01   2.12675001E+01
85   2.12623013E+01   2.12623013E+01   2.12623013E+01
86   2.12441291E+01   2.12675439E+01   2.12830289E+01
87   2.11893643E+01   2.12834948E+01   2.13449816E+01
88   2.10972781E+01   2.13107988E+01   2.14474664E+01
89   2.09667072E+01   2.13504513E+01   2.15893207E+01
90   2.07961286E+01   2.14036855E+01   2.17689033E+01
91   2.05837582E+01   2.14718272E+01   2.19840876E+01
92   2.03276695E+01   2.15561291E+01   2.22322590E+01
93   2.00259268E+01   2.16575990E+01   2.25103216E+01
94   1.96767277E+01   2.17768356E+01   2.28147178E+01
95   1.92785502E+01   2.19138892E+01   2.31414614E+01
96   1.88303005E+01   2.20681580E+01   2.34861862E+01
97   1.83314579E+01   2.22383310E+01   2.38442098E+01
98   1.77822174E+01   2.24223812E+01   2.42106104E+01
99   1.71836273E+01   2.26176116E+01   2.45803142E+01
100   1.65377274E+01   2.28207465E+01   2.49481913E+01
101   1.58476893E+01   2.30280627E+01   2.53091553E+01
102   1.51179676E+01   2.32355471E+01   2.56582642E+01
103   1.43544705E+01   2.34390702E+01   2.59908190E+01
104   1.35647633E+01   2.36345629E+01   2.63024568E+01
105   1.27583178E+01   2.38181850E+01   2.65892361E+01
106   1.19468203E+01   2.39864762E+01   2.68477113E+01
107   1.11445388E+01   2.41364831E+01   2.70749962E+01
108   1.03687169E+01   2.42658552E+01   2.72688122E+01
109   9.63989079E+00   2.43729077E+01   2.74275234E+01
110   8.98188144E+00   2.44566485E+01   2.75501544E+01
111   8.42101404E+00   2.45167699E+01   2.76363938E+01
112   7.98395118E+00   2.45536059E+01   2.76865805E+01
113   7.69373094E+00   2.45680573E+01   2.77016746E+01
114   7.56456590E+00   2.45614900E+01   2.76832131E+01
115   7.59744239E+00   2.45356106E+01   2.76332521E+01
116   7.77906861E+00   2.44923267E+01   2.75542960E+01
117   8.08498378E+00   2.44336005E+01   2.74492169E+01
118   8.48501816E+00   2.43613034E+01   2.73211657E+01
119   8.94841856E+00   2.42770828E+01   2.71734780E+01
120   9.44713128E+00   2.41822493E+01   2.70095794E+01
121   9.95722133E+00   2.40776925E+01   2.68328912E+01
122   1.04590807E+01   2.39638343E+01   2.66467429E+01
123   1.09370642E+01   2.38406217E+01   2.64542931E+01
124   1.13789521E+01   2.37075622E+01   2.62584635E+01
125   1.17754302E+01   2.35638012E+01   2.60618876E+01
126   1.21196557E+01   2.34082351E+01   2.58668770E+01
127   1.24069169E+01   2.32396555E+01   2.56754054E+01
128   1.26343774E+01   2.30569140E+01   2.54891109E+01
129   1.28008855E+01   2.28590992E+01   2.53093141E+01
130   1.29068319E+01   2.26457147E+01   2.51370509E+01
131   1.29540441E+01   2.24168478E+01   2.49731146E+01
132   1.29457039E+01   2.21733188E+01   2.48181061E+01
133   1.28862796E+01   2.19168012E+01   2.46724846E+01
134   1.27814633E+01   2.16499051E+01   2.45366176E+01
135   1.26381043E+01   2.13762124E+01   2.44108244E+01
136   1.24641254E+01   2.11002595E+01   2.42954109E+01
137   1.22684093E+01   2.08274569E+01   2.41906945E+01
138   1.20606368E+01   2.05639431E+01   2.40970161E+01
139   1.18510565E+01   2.03163684E+01   2.40147418E+01
140   1.16501689E+01   2.00916130E+01   2.39442539E+01
141   1.14683099E+01   1.98964470E+01   2.38859336E+01
142   1.13151395E+01   1.97371530E+01   2.38401398E+01
143   1.11990596E+01   1.96191377E+01   2.38071839E+01
144   1.11266203E+01   1.95465692E+01   2.37873079E+01
145   1.11019956E+01   1.95220796E+01   2.37806650E+01
146   1.11476778E+01   1.95143913E+01   2.37915944E+01
147   1.12821469E+01   1.94909347E+01   2.38239448E+01
148   1.14980263E+01   1.94505619E+01   2.38764179E+01
149   1.17840944E+01   1.93914449E+01   2.39468988E+01
150   1.21265659E+01   1.93111980E+01   2.40325248E+01
151   1.25103987E+01   1.92070349E+01   2.41297774E+01
152   1.29204064E+01   1.90759518E+01   2.42345902E+01
153   1.33420800E+01   1.89149229E+01   2.43424673E+01
154   1.37621201E+01   1.87210987E+01   2.44486087E+01
155   1.41687327E+01   1.84919955E+01   2.45480357E+01
156   1.45517569E+01   1.82256689E+01   2.46357139E+01
157   1.49026822E+01   1.79208627E+01   2.47066701E+01
158   1.52146010E+01   1.75771306E+01   2.47561012E+01
159   1.54821237E+01   1.71949253E+01   2.47794731E+01
160   1.57012748E+01   1.67756550E+01   2.47726102E+01
161   1.58693794E+01   1.63217038E+01   2.47317728E+01
162   1.58364175E+01   1.59849442E+01   2.46537243E+01
163   1.53240518E+01   1.60475359E+01   2.45357866E+01
164   1.47896841E+01   1.60576580E+01   2.43758842E+01
165   1.42390871E+01   1.60166251E+01   2.41725767E+01
166   1.36785615E+01   1.59264366E+01   2.39250796E+01
167   1.31147296E+01   1.57896496E+01   2.36332732E+01
168   1.25542873E+01   1.56092530E+01   2.32976984E+01
169   1.20037193E+01   1.53885430E+01   2.29195407E+01
170   1.14689835E+01   1.51310041E+01   2.25006003E+01
171   1.09551794E+01   1.48401956E+01   2.20432500E+01
172   1.04662239E+01   1.45196488E+01   2.15503783E+01
173   1.00045636E+01   1.41727754E+01   2.10253204E+01
174   9.57096406E+00   1.38027911E+01   2.04717760E+01
175   9.16440941E+00   1.34126563E+01   1.98937139E+01
176   8.78214133E+00   1.30050351E+01   1.92952673E+01
177   8.41984557E+00   1.25822745E+01   1.86806186E+01
178   8.07197093E+00   1.21464036E+01   1.80538780E+01
179   7.73214385E+00   1.16991503E+01   1.74189595E+01
180   7.39362728E+00   1.12419760E+01   1.67794574E+01
181   7.04977021E+00   1.07761226E+01   1.61385295E+01
182   6.69440190E+00   1.03026698E+01   1.54987930E+01
183   6.32213839E+00   9.82259746E+00   1.48622381E+01
184   5.92858310E+00   9.33684828E+00   1.42301679E+01
185   5.51041211E+00   8.84638679E+00   1.36031668E+01
186   5.06533546E+00   8.35225015E+00   1.29811047E+01
187   4.59191243E+00   7.85558750E+00   1.23631763E+01
188   4.08915856E+00   7.35768481E+00   1.17479761E+01
189   3.55577593E+00   6.85997371E+00   1.11336042E+01
190   2.98852068E+00   6.36402305E+00   1.05177985E+01
191   2.37806102E+00   5.87151312E+00   9.89808269E+00
192   1.69465801E+00   5.38419324E+00   9.27192233E+00
193   7.86390641E-01   4.90382391E+00   8.63687811E+00
194  -1.04463896E+00   4.43210592E+00   7.99074834E+00
195  -1.50607436E+00   3.97059900E+00   7.33169250E+00
196  -1.71713545E+00   3.52063398E+00   6.65833090E+00
197  -1.78635207E+00   3.08322304E+00   5.96981672E+00
198  -1.75322577E+00   2.65897373E+00   5.26587928E+00
199  -1.63974009E+00   2.24801375E+00   4.54683877E+00
200  -1.46131820E+00   1.84993405E+00   3.81359402E+00
201  -1.23050923E+00   1.46375827E+00   3.06758591E+00
202  -9.58520950E-01   1.08794600E+00   2.31073949E+00
203  -6.55931107E-01   7.20435225E-01   1.54538840E+00
204  -3.33032595E-01   3.58725674E-01   7.74185005E-01
205   0.00000000E+00   0.00000000E+00   0.00000000E+00
206   2.23028878E-01   2.23028878E-01   7.25495166E-01
207   4.57848660E-01   4.57848660E-01   1.44850675E+00
208   7.14752554E-01   7.14752554E-01   2.16658810E+00
209   1.00152159E+00   1.00152159E+00   2.87736677E+00
210   1.32306502E+00   1.32306502E+00   3.57858232E+00
211   1.68156918E+00   1.68156918E+00   4.26812508E+00
212   2.07689787E+00   2.07689787E+00   4.94407567E+00
213   2.50704590E+00   2.50704590E+00   5.60474541E+00
214   2.96854696E+00   2.96854696E+00   6.24871733E+00
215   3.45680831E+00   3.45680831E+00   6.87488704E+00
216   3.96637805E+00   3.96637805E+00   7.48250296E+00
217   4.49116091E+00   4.49116091E+00   8.07120436E+00
218   5.02459832E+00   5.02459832E+00   8.64105591E+00
219   5.55982473E+00   5.55982473E+00   9.19257665E+00
220   6.08980869E+00   6.08980869E+00   9.72676099E+00
221   6.60748427E+00   6.60748427E+00   1.02450890E+01
222   7.10587641E+00   7.10587641E+00   1.07495232E+01
223   7.57822232E+00   7.57822232E+00   1.12424881E+01
224   8.01809054E+00   8.01809054E+00   1.17268311E+01
225   8.41949852E+00   8.41949852E+00   1.22057608E+01
226   8.77702965E+00   8.77702965E+00   1.26827623E+01
227   9.08595063E+00   9.08595063E+00   1.31614903E+01
228   9.34233051E+00   9.34233051E+00   1.36456415E+01
229   9.54316274E+00   9.54316274E+00   1.41388096E+01
230   9.68649263E+00   9.68649263E+00   1.46443319E+01
231   9.77155278E+00   9.77155278E+00   1.51651326E+01
232   9.79890991E+00   9.79890991E+00   1.57035741E+01
233   9.77062666E+00   9.77062666E+00   1.62613234E+01
234   9.69044155E+00   9.69044155E+00   1.68392440E+01
235   9.56396790E+00   9.56396790E+00   1.74373175E+01
236   9.39890700E+00   9.39890700E+00   1.80545992E+01
237   9.20525876E+00   9.20525876E+00   1.86892092E+01
238   8.99549149E+00   8.99549149E+00   1.93383559E+01
239   8.78459729E+00   8.78459729E+00   1.99983893E+01
240   8.58991276E+00   8.58991276E+00   2.06648790E+01
241   8.43054036E+00   8.43054036E+00   2.13327104E+01
242   8.32620473E+00   8.32620473E+00   2.19961947E+01
243   8.29548291E+00   8.29548291E+00   2.26491874E+01
244   8.35359733E+00   8.35359733E+00   2.32852108E+01
245   8.51028394E+00   8.51028394E+00   2.38975780E+01
246   8.76841711E+00   8.76841711E+00   2.44795153E+01
247   9.12387297E+00   9.12387297E+00   2.50242816E+01
248   9.56660389E+00   9.56660389E+00   2.55252836E+01
249   1.00824319E+01   1.00824319E+01   2.59761864E+01
250   1.06549417E+01   1.06549417E+01   2.63710179E+01
251   1.12670433E+01   1.12670433E+01   2.67042690E+01
252   1.19020516E+01   1.19020516E+01   2.69709865E+01
253   1.25443295E+01   1.25443295E+01   2.71668610E+01
254   1.31796170E+01   1.31796170E+01   2.72883088E+01
255   1.37951687E+01   1.37951687E+01   2.73325481E+01
256   1.43797900E+01   1.43797900E+01   2.72976685E+01
257   1.49238299E+01   1.49238299E+01   2.71826955E+01
258   1.54191609E+01   1.54191609E+01   2.69876486E+01
259   1.58591639E+01   1.58591639E+01   2.67135941E+01
260   1.62387211E+01   1.62387211E+01   2.63626920E+01
261   1.65542204E+01   1.65542204E+01   2.59382364E+01
262   1.68035695E+01   1.68035695E+01   2.54446912E+01
263   1.69862156E+01   1.69862156E+01   2.48877170E+01
264   1.71031703E+01   1.71031703E+01   2.42741915E+01
265   1.71570324E+01   1.71570324E+01   2.36122176E+01
266   1.71520062E+01   1.71520062E+01   2.29111163E+01
267   1.70939073E+01   1.70939073E+01   2.21813971E+01
268   1.69901466E+01   1.69901466E+01   2.14346941E+01
269   1.68496795E+01   1.68496795E+01   2.06836532E+01
270   1.66829040E+01   1.66829040E+01   1.99417494E+01
271   1.65014858E+01   1.65014858E+01   1.92230075E+01
272   1.63180876E+01   1.63180876E+01   1.85416009E+01
273   1.61459787E+01   1.61459787E+01   1.79113060E+01
274   1.59985129E+01   1.59985129E+01   1.73448087E+01
275   1.58884774E+01   1.58884774E+01   1.68528925E+01
276   1.58273487E+01   1.58273487E+01   1.64435817E+01
277   1.58245235E+01   1.58245235E+01   1.61213619E+01
278   1.58866255E+01   1.58866255E+01   1.58866255E+01
